SpikeUp,0,384,38BBC052,0,1,1,4294967295,0,0
SpikeUp,96,320,1C465A22,0,1,1,4294967295,0,0
SpikeLeft,128,256,148B33AB,0,1,1,4294967295,0,0
very_Leek,224,336,6B7573F0,0,1,1,4294967295,0,0
very_Leek,320,336,9F23CE6A,0,1,1,4294967295,180,0
Block,128,416,299720C4,0,1,1,4294967295,0,0
Block,160,416,AE358714,0,1,1,4294967295,0,0
Block,96,416,F5067A2D,0,1,1,4294967295,0,0
Block,96,384,F4EF40C0,0,1,1,4294967295,0,0
Block,96,352,BD516366,0,1,1,4294967295,0,0
Block,0,416,89DBD6E5,0,1,1,4294967295,0,0
Block,0,448,0E27EC31,0,1,1,4294967295,0,0
Block,0,480,8F2C31A1,0,1,1,4294967295,0,0
Block,0,512,B86F8160,0,1,1,4294967295,0,0
Block,0,544,325D6F31,0,1,1,4294967295,0,0
Block,0,576,C967F9D9,0,1,1,4294967295,0,0
Block,32,576,5C54074E,0,1,1,4294967295,0,0
Block,64,576,E99EA976,0,1,1,4294967295,0,0
Block,96,576,49F6A458,0,1,1,4294967295,0,0
Block,128,576,500FB308,0,1,1,4294967295,0,0
Block,128,544,0C1AAA28,0,1,1,4294967295,0,0
Block,96,544,6C21B8F3,0,1,1,4294967295,0,0
Block,64,544,40D1FC74,0,1,1,4294967295,0,0
Block,32,544,EFA9F585,0,1,1,4294967295,0,0
Block,64,352,71A33882,0,1,1,4294967295,0,0
Block,160,256,EBA2D7F6,0,2,3,4294967295,0,0
Block,128,128,6BBBCC94,0,1,1,4294967295,0,0
Block,160,128,E66DB31B,0,1,1,4294967295,0,0
Block,192,128,3B704ECC,0,1,1,4294967295,0,0
Block,224,128,487FA787,0,1,1,4294967295,0,0
Block,224,256,78918D3B,0,5,2,4294967295,0,0
Block,320,320,99E85ADC,0,2,1,4294967295,0,0
PlayerStart,96,512,627BA425,0,1,1,4294967295,0,0
SaveVeryHard,96,512,87F06607,0,1,1,4294967295,0,0
lb_SignStage,32,512,123C8073,0,1,1,4294967295,0,1
SaveVeryHard,64,320,61D1B035,0,1,1,4294967295,0,0
lb_SignStage,176,96,428DE261,0,1,1,4294967295,0,1
lb_SignStage,256,224,13D9BDD0,0,1,1,4294967295,0,1
