background37_block,688,0,0,0,32,32,0,1,1,4294967295
background37_block,688,32,0,0,32,32,0,1,1,4294967295
background37_block,688,64,0,0,32,32,0,1,1,4294967295
background37_block,720,0,0,0,32,32,0,1,1,4294967295
background37_block,752,0,0,0,32,32,0,1,1,4294967295
background37_block,784,0,0,0,32,32,0,1,1,4294967295
background37_block,752,64,0,0,32,32,0,1,1,4294967295
background37_block,784,64,0,0,32,32,0,1,1,4294967295
background37_block,752,96,0,0,32,32,0,1,1,4294967295
background37_block,784,96,0,0,32,32,0,1,1,4294967295
background37_block,752,128,0,0,32,32,0,1,1,4294967295
background37_block,784,128,0,0,32,32,0,1,1,4294967295
background37_block,752,160,0,0,32,32,0,1,1,4294967295
background37_block,784,160,0,0,32,32,0,1,1,4294967295
background37_block,768,208,0,0,32,32,0,1,1,4294967295
background37_block,768,240,0,0,32,32,0,1,1,4294967295
background37_block,768,272,0,0,32,32,0,1,1,4294967295
background37_block,768,304,0,0,32,32,0,1,1,4294967295
background37_block,736,304,0,0,32,32,0,1,1,4294967295
background37_block,704,192,0,0,32,16,0,1,1,4294967295
background37_block,736,192,0,0,32,16,0,1,1,4294967295
background37_block,768,192,0,0,32,16,0,1,1,4294967295
background37_block,640,160,0,0,32,32,0,1,1,4294967295
background37_block,640,192,0,0,32,32,0,1,1,4294967295
background37_block,544,64,0,0,32,32,0,1,1,4294967295
background37_block,544,96,0,0,32,32,0,1,1,4294967295
background37_block,544,128,0,0,32,32,0,1,1,4294967295
background37_block,544,160,0,0,32,32,0,1,1,4294967295
background37_block,512,160,0,0,32,32,0,1,1,4294967295
background37_block,512,128,0,0,32,32,0,1,1,4294967295
background37_block,368,0,0,0,32,32,0,1,1,4294967295
background37_block,368,32,0,0,32,32,0,1,1,4294967295
background37_block,400,32,0,0,32,32,0,1,1,4294967295
background37_block,400,0,0,0,32,32,0,1,1,4294967295
background37_block,400,128,0,0,32,32,0,1,1,4294967295
background37_block,464,80,0,0,32,32,0,0.5,0.5,4294967295
background37_block,480,80,0,0,32,32,0,0.5,0.5,4294967295
background37_block,496,80,0,0,32,32,0,0.5,0.5,4294967295
background37_block,496,288,0,0,32,32,0,1,1,4294967295
background37_block,496,320,0,0,32,32,0,1,1,4294967295
background37_block,496,352,0,0,32,32,0,1,1,4294967295
background37_block,496,384,0,0,32,32,0,1,1,4294967295
background37_block,528,384,0,0,32,32,0,1,1,4294967295
background37_block,528,288,0,0,32,32,0,1,1,4294967295
background37_block,528,320,0,0,32,32,0,1,1,4294967295
background37_block,528,352,0,0,32,32,0,1,1,4294967295
background37_block,528,416,0,0,32,32,0,1,1,4294967295
background37_block,560,352,0,0,32,32,0,1,1,4294967295
background37_block,560,384,0,0,32,32,0,1,1,4294967295
background37_block,560,416,0,0,32,32,0,1,1,4294967295
background37_block,592,416,0,0,32,32,0,1,1,4294967295
background37_block,592,448,0,0,32,32,0,1,1,4294967295
background37_block,640,288,0,0,32,32,0,1,1,4294967295
background37_block,640,320,0,0,32,32,0,1,1,4294967295
background37_block,640,352,0,0,32,32,0,1,1,4294967295
background37_block,704,416,0,0,32,32,0,1,1,4294967295
background37_block,704,448,0,0,32,32,0,1,1,4294967295
background37_block,672,448,0,0,32,32,0,1,1,4294967295
background37_block,736,416,0,0,32,16,0,1,1,4294967295
background37_block,672,576,0,0,32,32,0,1,1,4294967295
background37_block,528,528,0,0,32,32,0,1,1,4294967295
background37_block,432,400,0,0,32,32,0,1,1,4294967295
background37_block,432,432,0,0,32,32,0,1,1,4294967295
background37_block,432,304,0,0,32,32,0,1,1,4294967295
background37_block,432,336,0,0,32,32,0,1,1,4294967295
background37_block,400,336,0,0,32,32,0,1,1,4294967295
background37_block,464,336,0,0,32,32,0,1,1,4294967295
background37_block,368,480,0,0,32,16,0,1,1,4294967295
background37_block,272,496,0,0,32,32,0,1,1,4294967295
background37_block,272,528,0,0,32,32,0,1,1,4294967295
background37_block,272,560,0,0,32,32,0,1,1,4294967295
background37_block,272,592,0,0,32,32,0,1,1,4294967295
background37_block,304,592,0,0,32,32,0,1,1,4294967295
background37_block,336,592,0,0,32,32,0,1,1,4294967295
background37_block,336,560,0,0,32,32,0,1,1,4294967295
background37_block,304,560,0,0,32,32,0,1,1,4294967295
background37_block,304,528,0,0,32,32,0,1,1,4294967295
background37_block,336,528,0,0,32,32,0,1,1,4294967295
background37_block,336,496,0,0,32,32,0,1,1,4294967295
background37_block,304,496,0,0,32,32,0,1,1,4294967295
background37_block,304,464,0,0,32,32,0,1,1,4294967295
background37_block,336,464,0,0,32,32,0,1,1,4294967295
background37_block,192,400,0,0,32,32,0,1,1,4294967295
background37_block,224,400,0,0,32,32,0,1,1,4294967295
background37_block,224,432,0,0,32,32,0,1,1,4294967295
background37_block,128,496,0,0,32,32,0,1,1,4294967295
background37_block,128,528,0,0,32,32,0,1,1,4294967295
background37_block,128,592,0,0,32,32,0,1,1,4294967295
background37_block,128,560,0,0,32,32,0,1,1,4294967295
background37_block,160,528,0,0,32,32,0,1,1,4294967295
background37_block,160,560,0,0,32,32,0,1,1,4294967295
background37_block,160,592,0,0,32,32,0,1,1,4294967295
background37_block,192,544,0,0,32,32,0,1,1,4294967295
background37_block,192,576,0,0,32,32,0,1,1,4294967295
background37_block,0,464,0,0,32,32,0,1,1,4294967295
background37_block,0,496,0,0,32,32,0,1,1,4294967295
background37_block,0,528,0,0,32,32,0,1,1,4294967295
background37_block,0,560,0,0,32,32,0,1,1,4294967295
background37_block,0,592,0,0,32,32,0,1,1,4294967295
background37_block,32,592,0,0,32,32,0,1,1,4294967295
background37_block,64,592,0,0,32,32,0,1,1,4294967295
background37_block,64,560,0,0,32,32,0,1,1,4294967295
background37_block,32,560,0,0,32,32,0,1,1,4294967295
background37_block,32,528,0,0,32,32,0,1,1,4294967295
background37_block,64,528,0,0,32,32,0,1,1,4294967295
background37_block,64,496,0,0,32,32,0,1,1,4294967295
background37_block,32,496,0,0,32,32,0,1,1,4294967295
background37_block,32,464,0,0,32,32,0,1,1,4294967295
background37_block,144,304,0,0,32,32,0,1,1,4294967295
background37_block,112,304,0,0,32,32,0,1,1,4294967295
background37_block,112,336,0,0,32,32,0,1,1,4294967295
background37_block,112,368,0,0,32,32,0,1,1,4294967295
background37_block,80,368,0,0,32,32,0,1,1,4294967295
background37_block,48,192,0,0,32,32,0,1,1,4294967295
background37_block,48,224,0,0,32,32,0,1,1,4294967295
background37_block,48,256,0,0,32,32,0,1,1,4294967295
background37_block,-16,192,0,0,32,32,0,1,1,4294967295
background37_block,80,192,0,0,32,32,0,1,1,4294967295
background37_block,112,192,0,0,32,32,0,1,1,4294967295
background37_block,144,192,0,0,32,32,0,1,1,4294967295
background37_block,144,160,0,0,32,32,0,1,1,4294967295
background37_block,304,208,0,0,32,32,0,1,1,4294967295
background37_block,336,208,0,0,32,32,0,1,1,4294967295
background37_block,336,240,0,0,32,32,0,1,1,4294967295
background37_block,304,240,0,0,32,32,0,1,1,4294967295
background37_block,224,64,0,0,32,32,0,1,1,4294967295
background37_block,224,96,0,0,32,32,0,1,1,4294967295
background37_block,224,128,0,0,32,32,0,1,1,4294967295
background37_block,256,128,0,0,32,32,0,1,1,4294967295
background37_block,256,96,0,0,32,32,0,1,1,4294967295
background37_block,0,-16,0,0,32,32,0,1,1,4294967295
background37_block,0,16,0,0,32,32,0,1,1,4294967295
background37_block,0,48,0,0,32,32,0,1,1,4294967295
background37_block,32,48,0,0,32,32,0,1,1,4294967295
background37_block,64,48,0,0,32,32,0,1,1,4294967295
background37_block,96,48,0,0,32,32,0,1,1,4294967295
background37_block,96,16,0,0,32,32,0,1,1,4294967295
background37_block,96,-16,0,0,32,32,0,1,1,4294967295
background37_block,64,-16,0,0,32,32,0,1,1,4294967295
background37_block,32,-16,0,0,32,32,0,1,1,4294967295
background37_block,32,16,0,0,32,32,0,1,1,4294967295
background37_block,64,16,0,0,32,32,0,1,1,4294967295
background37_block,64,80,0,0,32,16,0,1,1,4294967295
background37_block,96,80,0,0,32,32,0,1,1,4294967295
