SpikeUp,192,208,442CF554,0,1,1,4294967295,0,0
SpikeDown,192,240,87A3BC42,0,1,1,4294967295,0,0
SpikeRight,464,304,600D3F0F,0,1,1,4294967295,0,0
SpikeUp,432,272,10E9C022,0,1,1,4294967295,0,0
SpikeLeft,400,304,CDF9F34A,0,1,1,4294967295,0,0
SpikeDown,400,64,EBE0D95E,0,1,1,4294967295,0,0
SpikeUp,480,48,0B2C8776,0,1,1,4294967295,0,0
SpikeDown,544,0,8C288CF3,0,1,1,4294967295,0,0
SpikeDown,400,160,50B9024D,0,1,1,4294967295,0,0
SpikeRight,432,128,0B34B600,0,1,1,4294967295,0,0
SpikeUp,400,96,61F65F25,0,1,1,4294967295,0,0
SpikeLeft,368,128,E924A972,0,1,1,4294967295,0,0
SpikeUp,336,176,4AB865B0,0,1,1,4294967295,0,0
SpikeDown,304,128,481F1F21,0,1,1,4294967295,0,0
SpikeUp,304,96,665C27F3,0,1,1,4294967295,0,0
SpikeUp,256,64,B5F212F2,0,1,1,4294967295,0,0
SpikeDown,272,0,C8257CEF,0,1,1,4294967295,0,0
SpikeUp,224,32,54C7367E,0,1,1,4294967295,0,0
SpikeRight,128,0,C8C5DECB,0,1,1,4294967295,0,0
SpikeRight,160,16,BB221850,0,1,1,4294967295,0,0
SpikeRight,128,32,5EACC2B1,0,1,1,4294967295,0,0
SpikeDown,64,96,BEBDC5BC,0,1,1,4294967295,0,0
SpikeUp,112,160,AA6D35F7,0,1,1,4294967295,0,0
SpikeRight,176,160,78806891,0,1,1,4294967295,0,0
SpikeUp,144,128,146FF48B,0,1,1,4294967295,0,0
SpikeUp,48,160,768E2169,0,1,1,4294967295,0,0
SpikeUp,-16,160,43122B50,0,1,1,4294967295,0,0
SpikeRight,0,256,43F14561,0,1,1,4294967295,0,0
SpikeLeft,0,432,0A519FF4,0,1,1,4294967295,0,0
SpikeRight,32,432,A4D21518,0,1,1,4294967295,0,0
SpikeUp,64,464,413565EF,0,1,1,4294967295,0,0
SpikeDown,48,288,42779D85,0,1,1,4294967295,0,0
SpikeDown,80,224,C3FA422E,0,1,1,4294967295,0,0
SpikeUp,80,336,E29BD915,0,1,1,4294967295,0,0
SpikeUp,112,272,75ECF55D,0,1,1,4294967295,0,0
SpikeUp,192,512,474E9775,0,1,1,4294967295,0,0
SpikeUp,128,464,0763AE8E,0,1,1,4294967295,0,0
SpikeUp,160,496,D5D84DA1,0,1,1,4294967295,0,0
SpikeUp,192,368,07DEA06F,0,1,1,4294967295,0,0
SpikeUp,208,336,E2AD15C6,0,1,1,4294967295,0,0
SpikeUp,224,368,D58B55E7,0,1,1,4294967295,0,0
SpikeLeft,192,432,9F92B9F7,0,1,1,4294967295,0,0
SpikeRight,320,352,55775D8D,0,1,1,4294967295,0,0
SpikeLeft,288,352,A0297EAF,0,1,1,4294967295,0,0
SpikeUp,272,464,50A218AA,0,1,1,4294967295,0,0
SpikeUp,304,432,4F3E0EF6,0,1,1,4294967295,0,0
SpikeUp,368,448,0FB4F25C,0,1,1,4294967295,0,0
SpikeDown,432,464,A21C9AB8,0,1,1,4294967295,0,0
SpikeUp,672,544,8DDAD816,0,1,1,4294967295,0,0
SpikeLeft,400,400,34D74FFC,0,1,1,4294967295,0,0
SpikeDown,528,560,6C69ECC2,0,1,1,4294967295,0,0
SpikeLeft,496,528,48BE1BDA,0,1,1,4294967295,0,0
SpikeUp,528,496,227FF01C,0,1,1,4294967295,0,0
SpikeDown,544,192,5B157D78,0,1,1,4294967295,0,0
SpikeDown,512,192,CD0E16C0,0,1,1,4294967295,0,0
SpikeUp,560,320,5EEBBC74,0,1,1,4294967295,0,0
SpikeUp,528,256,BD1E9C60,0,1,1,4294967295,0,0
SpikeUp,496,256,2CC91ABB,0,1,1,4294967295,0,0
SpikeUp,592,384,C8C3133E,0,1,1,4294967295,0,0
SpikeUp,640,256,D09CA3C2,0,1,1,4294967295,0,0
SpikeUp,544,32,6682B71C,0,1,1,4294967295,0,0
SpikeUp,512,96,69DF8648,0,1,1,4294967295,0,0
SpikeUp,704,384,59C6D0AF,0,1,1,4294967295,0,0
SpikeUp,672,416,CA186179,0,1,1,4294967295,0,0
SpikeDown,704,208,0E2F1AD0,0,1,1,4294967295,0,0
SpikeLeft,672,176,B160CC8E,0,1,1,4294967295,0,0
SpikeLeft,656,64,E6D1D125,0,1,1,4294967295,0,0
SpikeLeft,640,128,90CF5DCF,0,1,1,4294967295,0,0
SpikeRight,672,160,A7C3BB3D,0,1,1,4294967295,0,0
SpikeRight,576,64,BB747638,0,1,1,4294967295,0,0
Block,432,304,3E80A0DB,0,1,1,4294967295,0,0
Block,368,32,A9065159,0,1,1,4294967295,0,0
Block,368,0,FCC565F7,0,1,1,4294967295,0,0
Block,400,0,2504024C,0,1,1,4294967295,0,0
Block,400,32,634865CC,0,1,1,4294967295,0,0
BlockMini,496,80,60078955,0,1,1,4294967295,0,0
BlockMini,480,80,D5524C7B,0,1,1,4294967295,0,0
BlockMini,464,80,601400B8,0,1,1,4294967295,0,0
Block,400,128,7DD72A33,0,1,1,4294967295,0,0
Block,304,240,7CBE8B3E,0,1,1,4294967295,0,0
Block,336,240,847F7B83,0,1,1,4294967295,0,0
Block,336,208,BEDCFFAC,0,1,1,4294967295,0,0
Block,304,208,5386F7ED,0,1,1,4294967295,0,0
Block,256,96,159BE1A2,0,1,1,4294967295,0,0
Block,256,128,06ACB6E8,0,1,1,4294967295,0,0
Block,224,128,A88FC190,0,1,1,4294967295,0,0
Block,224,96,7F4FF4F4,0,1,1,4294967295,0,0
Block,224,64,1D2AA168,0,1,1,4294967295,0,0
Block,96,48,8CE903A0,0,1,1,4294967295,0,0
Block,96,16,D57B24D1,0,1,1,4294967295,0,0
Block,96,-16,84B45D14,0,1,1,4294967295,0,0
Block,0,-16,1733670C,0,1,1,4294967295,0,0
Block,0,16,9FEC4951,0,1,1,4294967295,0,0
Block,0,48,89481DC4,0,1,1,4294967295,0,0
Block,32,48,56163C07,0,1,1,4294967295,0,0
Block,32,16,70774A14,0,1,1,4294967295,0,0
Block,32,-16,0BFD5FB0,0,1,1,4294967295,0,0
Block,64,-16,B59A5C85,0,1,1,4294967295,0,0
Block,64,16,225BCE44,0,1,1,4294967295,0,0
Block,64,48,7415EAEA,0,1,1,4294967295,0,0
BlockMini,80,80,C1074F33,0,1,1,4294967295,0,0
BlockMini,64,80,4640EA38,0,1,1,4294967295,0,0
Block,96,80,57FC4174,0,1,1,4294967295,0,0
Block,112,192,FC1561B2,0,1,1,4294967295,0,0
Block,144,192,49C9F37D,0,1,1,4294967295,0,0
Block,144,160,B83589C6,0,1,1,4294967295,0,0
BlockMini,0,208,9C26E4CF,0,1,1,4294967295,0,0
BlockMini,0,192,BECB71A6,0,1,1,4294967295,0,0
Block,32,592,10655881,0,1,1,4294967295,0,0
Block,0,592,659F43F3,0,1,1,4294967295,0,0
Block,32,560,EBB8E8BB,0,1,1,4294967295,0,0
Block,32,528,2D9725E8,0,1,1,4294967295,0,0
Block,0,560,F6D07AC2,0,1,1,4294967295,0,0
Block,0,528,628EFEA7,0,1,1,4294967295,0,0
Block,0,496,75247E1E,0,1,1,4294967295,0,0
Block,64,592,7A135330,0,1,1,4294967295,0,0
Block,64,560,24925830,0,1,1,4294967295,0,0
Block,64,528,917FA562,0,1,1,4294967295,0,0
Block,64,496,CF81E95E,0,1,1,4294967295,0,0
Block,32,496,B3F5098E,0,1,1,4294967295,0,0
Block,32,464,E4C7F0ED,0,1,1,4294967295,0,0
Block,0,464,A4F922CC,0,1,1,4294967295,0,0
Block,80,192,A5997E0F,0,1,1,4294967295,0,0
Block,48,192,B2FF1E9A,0,1,1,4294967295,0,0
Block,48,224,E94E5599,0,1,1,4294967295,0,0
Block,48,256,E9AF9324,0,1,1,4294967295,0,0
Block,80,368,15B76234,0,1,1,4294967295,0,0
Block,112,368,D13CB4D3,0,1,1,4294967295,0,0
Block,112,336,189A8843,0,1,1,4294967295,0,0
Block,112,304,8A4FD2C0,0,1,1,4294967295,0,0
Block,144,304,56FB2B71,0,1,1,4294967295,0,0
Block,192,576,84C493FD,0,1,1,4294967295,0,0
Block,192,544,AFBEAC5A,0,1,1,4294967295,0,0
Block,160,592,8FD201FE,0,1,1,4294967295,0,0
Block,160,560,01E9F298,0,1,1,4294967295,0,0
Block,128,592,BFE91046,0,1,1,4294967295,0,0
Block,128,560,FE65B69B,0,1,1,4294967295,0,0
Block,128,528,7E6DFDB2,0,1,1,4294967295,0,0
Block,128,496,F7F62FCA,0,1,1,4294967295,0,0
Block,160,528,52FCE702,0,1,1,4294967295,0,0
Block,192,400,BB0AEB24,0,1,1,4294967295,0,0
Block,224,400,EA2F0B08,0,1,1,4294967295,0,0
Block,224,432,2DFD1DB7,0,1,1,4294967295,0,0
Block,272,592,F9936E6D,0,1,1,4294967295,0,0
Block,272,560,F29D34B1,0,1,1,4294967295,0,0
Block,272,528,0284E8C3,0,1,1,4294967295,0,0
Block,272,496,0D9A2861,0,1,1,4294967295,0,0
Block,304,592,E1644379,0,1,1,4294967295,0,0
Block,304,560,E5DFE73D,0,1,1,4294967295,0,0
Block,304,528,D5F1FDAE,0,1,1,4294967295,0,0
Block,336,592,260DCD45,0,1,1,4294967295,0,0
Block,336,560,4F200F21,0,1,1,4294967295,0,0
Block,336,528,08F60FF4,0,1,1,4294967295,0,0
Block,304,496,1B280B69,0,1,1,4294967295,0,0
Block,304,464,7D2A4923,0,1,1,4294967295,0,0
Block,336,496,0AF05355,0,1,1,4294967295,0,0
Block,336,464,28FCD6CF,0,1,1,4294967295,0,0
BlockMini,384,480,5ED58B8F,0,1,1,4294967295,0,0
BlockMini,368,480,2C661D28,0,1,1,4294967295,0,0
Block,464,336,C4DCAABF,0,1,1,4294967295,0,0
Block,432,336,356C69B8,0,1,1,4294967295,0,0
Block,400,336,C1F2316F,0,1,1,4294967295,0,0
Block,672,576,830CB8F1,0,1,1,4294967295,0,0
Block,432,432,FC04D8FD,0,1,1,4294967295,0,0
Block,432,400,9676E467,0,1,1,4294967295,0,0
Block,496,384,88908950,0,1,1,4294967295,0,0
Block,528,528,47C98E8B,0,1,1,4294967295,0,0
Block,496,352,CFE74B88,0,1,1,4294967295,0,0
Block,496,320,D40CA7A4,0,1,1,4294967295,0,0
Block,496,288,61FF5AA2,0,1,1,4294967295,0,0
Block,528,288,7F1D0020,0,1,1,4294967295,0,0
Block,528,320,281BE8DD,0,1,1,4294967295,0,0
Block,528,352,B295D1E6,0,1,1,4294967295,0,0
Block,560,352,F958125A,0,1,1,4294967295,0,0
Block,560,384,2D0BB4BB,0,1,1,4294967295,0,0
Block,528,384,DD241021,0,1,1,4294967295,0,0
Block,528,416,6349A3C4,0,1,1,4294967295,0,0
Block,560,416,9B40BA64,0,1,1,4294967295,0,0
Block,592,416,F43B0F37,0,1,1,4294967295,0,0
Block,592,448,34E2CBC2,0,1,1,4294967295,0,0
BlockMini,784,0,44E56F62,0,1,1,4294967295,0,0
BlockMini,784,16,6D67A4C7,0,1,1,4294967295,0,0
BlockMini,784,320,8D26895C,0,1,1,4294967295,0,0
BlockMini,784,272,AD5C7CA3,0,1,1,4294967295,0,0
BlockMini,784,304,D4E95A47,0,1,1,4294967295,0,0
BlockMini,784,288,357ADA3C,0,1,1,4294967295,0,0
BlockMini,784,256,F8BAB8E3,0,1,1,4294967295,0,0
BlockMini,784,240,198A0FC0,0,1,1,4294967295,0,0
BlockMini,784,224,2948B735,0,1,1,4294967295,0,0
BlockMini,784,208,B26DC058,0,1,1,4294967295,0,0
BlockMini,784,192,68A72754,0,1,1,4294967295,0,0
BlockMini,784,176,53AB170C,0,1,1,4294967295,0,0
BlockMini,784,160,3DC7DD81,0,1,1,4294967295,0,0
BlockMini,784,144,662575B4,0,1,1,4294967295,0,0
BlockMini,784,128,87126136,0,1,1,4294967295,0,0
BlockMini,784,112,E63A833F,0,1,1,4294967295,0,0
BlockMini,784,96,81B014DD,0,1,1,4294967295,0,0
BlockMini,784,80,4B1D5DC1,0,1,1,4294967295,0,0
BlockMini,784,64,0200F0CF,0,1,1,4294967295,0,0
BlockMini,768,304,2790FBDB,0,1,1,4294967295,0,0
BlockMini,768,288,D911B33A,0,1,1,4294967295,0,0
BlockMini,768,272,6C6E8AE9,0,1,1,4294967295,0,0
BlockMini,768,256,0F0C8473,0,1,1,4294967295,0,0
BlockMini,768,240,2B7C5E89,0,1,1,4294967295,0,0
BlockMini,768,224,FF87242A,0,1,1,4294967295,0,0
Block,640,288,7E9C855B,0,1,1,4294967295,0,0
BlockMini,752,416,E645A919,0,1,1,4294967295,0,0
BlockMini,736,416,B3AE36A7,0,1,1,4294967295,0,0
BlockMini,768,320,3448A36D,0,1,1,4294967295,0,0
Block,640,160,F7465F1E,0,1,1,4294967295,0,0
Block,640,192,358A0F03,0,1,1,4294967295,0,0
Block,512,128,7F1DA79D,0,1,1,4294967295,0,0
Block,512,160,1D49BC32,0,1,1,4294967295,0,0
Block,544,160,1646A431,0,1,1,4294967295,0,0
Block,544,128,D06028E6,0,1,1,4294967295,0,0
Block,544,96,B9DE5D68,0,1,1,4294967295,0,0
Block,544,64,4304AD39,0,1,1,4294967295,0,0
Block,704,416,EC526A98,0,1,1,4294967295,0,0
Block,704,448,E0EDC6C3,0,1,1,4294967295,0,0
Block,672,448,BB103D5E,0,1,1,4294967295,0,0
Block,736,304,E6B6E35F,0,1,1,4294967295,0,0
Block,640,352,12AA5E12,0,1,1,4294967295,0,0
Block,640,320,D2CE8C1D,0,1,1,4294967295,0,0
BlockMini,768,208,5B4CE65C,0,1,1,4294967295,0,0
BlockMini,768,192,1A3EE012,0,1,1,4294967295,0,0
BlockMini,752,192,434B7843,0,1,1,4294967295,0,0
BlockMini,736,192,4A8E2FB3,0,1,1,4294967295,0,0
BlockMini,720,192,2CC9AF24,0,1,1,4294967295,0,0
BlockMini,704,192,8AF2052F,0,1,1,4294967295,0,0
Block,752,160,B4AB78C4,0,1,1,4294967295,0,0
Block,752,128,201034C7,0,1,1,4294967295,0,0
Block,752,96,B1470BB3,0,1,1,4294967295,0,0
Block,688,64,E516D3B1,0,1,1,4294967295,0,0
Block,688,32,7A1C790B,0,1,1,4294967295,0,0
Block,752,64,A2389408,0,1,1,4294967295,0,0
Block,688,0,36932499,0,1,1,4294967295,0,0
Block,720,0,7E45B053,0,1,1,4294967295,0,0
Block,752,0,644E3C6F,0,1,1,4294967295,0,0
VineLeft,96,64,E307D7A1,0,1,1,4294967295,0,0
VineRight,672,576,015B1716,0,1,1,4294967295,0,0
VineRight,640,320,975BF9A9,0,1,1,4294967295,0,0
Platform,432,160,FF76C131,0,1,1,4294967295,0,0
Platform,192,464,210EE3A0,0,1,1,4294967295,0,0
Platform,368,496,E2864AAB,0,1,1,4294967295,0,0
PlayerStart,768,32,7C6BF25D,0,1,1,4294967295,0,0
Warp,512,64,6A4DD810,0,1,1,4294967295,0,0
Cherry,416,384,8C409662,0,1,1,4294967295,0,0
Cherry,480,512,21FD7D59,0,1,1,4294967295,0,0
Cherry,720,320,FD398AE2,0,1,1,4294967295,0,0
Cherry,640,464,16132805,0,1,1,4294967295,0,0
Cherry,608,176,D1F95E34,0,1,1,4294967295,0,0
Cherry,624,144,BECD9088,0,1,1,4294967295,0,0
SaveVeryHard,720,160,2529795D,0,1,1,4294967295,0,0
Water,16,192,9C994C0E,0,1,1,4294967295,0,0
Water,0,288,312BCCE4,0,1,1,4294967295,0,0
Water,32,288,0B9D9E86,0,1,1,4294967295,0,0
Water,192,368,C36D1C99,0,1,1,4294967295,0,0
Water,192,336,7D34CAE8,0,1,1,4294967295,0,0
Water,496,512,9FE9307E,0,1,1,4294967295,0,0
Water,496,480,305BD117,0,1,1,4294967295,0,0
Water,496,448,607937AA,0,1,1,4294967295,0,0
Water,496,416,2B44FFFF,0,1,1,4294967295,0,0
Water,736,432,29C8D1D7,0,1,0.5,4294967295,0,0
Water,736,448,144559AB,0,1,1,4294967295,0,0
Water,736,480,1B8F6EE9,0,1,1,4294967295,0,0
Water,704,480,43E25424,0,1,1,4294967295,0,0
Water,672,480,74FFA30A,0,1,1,4294967295,0,0
WaterRefreshing,736,272,D57825D9,0,1,1,4294967295,0,0
WaterRefreshing,736,240,A547DAA3,0,1,1,4294967295,0,0
WaterRefreshing,736,208,2D75F97D,0,1,1,4294967295,0,0
