lb_TileGrass,96,544,32,0,64,64,0,1,1,4294967295
lb_TileGrass,64,544,32,0,32,64,0,1,1,4294967295
lb_TileGrass,32,544,32,0,32,64,0,1,1,4294967295
lb_TileGrass,0,544,32,0,32,64,0,1,1,4294967295
lb_TileGrass,224,448,0,64,32,32,0,1,1,4294967295
lb_TileGrass,224,352,0,0,32,32,0,1,1,4294967295
lb_TileGrass,256,288,0,0,32,32,0,1,1,4294967295
lb_TileGrass,288,288,64,0,32,32,0,1,1,4294967295
lb_TileGrass,320,320,64,0,32,32,0,1,1,4294967295
lb_TileGrass,352,352,64,0,32,32,0,1,1,4294967295
lb_TileGrass,352,384,64,64,32,32,0,1,1,4294967295
lb_TileGrass,256,448,64,64,32,32,0,1,1,4294967295
lb_TileGrass,224,384,0,32,32,32,0,1,1,4294967295
lb_TileGrass,224,416,0,32,32,32,0,1,1,4294967295
lb_TileGrass,256,320,0,32,32,32,0,1,1,4294967295
lb_TileGrass,256,416,64,32,32,32,0,1,1,4294967295
lb_TileGrass,288,384,32,64,32,32,0,1,1,4294967295
lb_TileGrass,320,384,32,64,32,32,0,1,1,4294967295
lb_TileGrass,256,352,224,32,32,32,0,1,1,4294967295
lb_TileGrass,288,320,192,32,32,32,0,1,1,4294967295
lb_TileGrass,256,384,192,0,32,32,0,1,1,4294967295
lb_TileGrass,320,352,192,32,32,32,0,1,1,4294967295
lb_TileGrass,288,352,32,32,32,32,0,1,1,4294967295
lb_TileGrass,288,544,0,0,64,32,0,1,1,4294967295
lb_TileGrass,352,544,64,0,32,32,0,1,1,4294967295
lb_TileGrass,288,576,0,64,32,32,0,1,1,4294967295
lb_TileGrass,320,576,64,64,32,32,0,1,1,4294967295
lb_TileGrass,224,112,0,0,96,96,0,1,1,4294967295
lb_TileGrass,96,176,0,0,96,96,0,1,1,4294967295
lb_TileGrass,752,544,0,0,64,32,0,1,1,4294967295
lb_TileGrass,752,576,0,32,64,32,0,1,1,4294967295
