lb_ShaderCloud,128,0,85171AD5,0,1,1,4294967295,0,0
ShaderReset,32,0,8B43111F,0,1,1,4294967295,0,0
SpikeUp,224,320,20B9A893,0,1,1,4294967295,0,0
SpikeUp,320,288,6318431D,0,1,1,4294967295,0,0
SpikeUp,352,320,A413617F,0,1,1,4294967295,0,0
Block,0,544,0216F542,0,5,2,4294967295,0,0
Block,224,448,95D7C52A,0,2,1,4294967295,0,0
Block,288,544,5F739260,0,2,2,4294967295,0,0
Block,224,352,F8A79038,0,2,3,4294967295,0,0
Block,288,352,568F8511,0,3,2,4294967295,0,0
Block,256,288,D679EACB,0,2,2,4294967295,0,0
Block,320,320,7A96379D,0,1,1,4294967295,0,0
Block,352,544,962976BE,0,1,1,4294967295,0,0
Block,224,112,AD1AD500,0,3,3,4294967295,0,0
Block,96,176,76E6B5A5,0,3,3,4294967295,0,0
PlayerStart,32,512,214D8D0F,0,1,1,4294967295,0,0
Sign,64,512,6F7DFB63,0,1,1,4294967295,0,1
Camera,32,96,A77CBAFB,0,1,1,4294967295,0,0
lb_TrigBridge,352,512,B01640D0,0,1,1,4294967295,0,0
Sign,304,512,F94384EB,0,1,1,4294967295,0,1
Item,256,80,AF6F5879,0,1,1,4294967295,0,1
SaveVeryHard,32,512,C07B0E4E,0,1,1,4294967295,0,0
PlatformRenex,800,560,6624B288,0,13,1,4294967295,90,0
Warp,752,480,8BE0D2E8,0,1.5,1.5,4294967295,0,1
WaterCatharsis,352,576,220CBAAE,0,14,1,4294967295,0,0
