SpikeLeft,256,48,28B09DFA,0,1,1,4294967295,0,0
SpikeRight,320,48,5077EC3A,0,1,1,4294967295,0,0
SpikeUp,224,64,CD70BB38,0,1,1,4294967295,0,0
SpikeRight,256,96,28303A60,0,1,1,4294967295,0,0
SpikeLeft,192,96,6089814B,0,1,1,4294967295,0,0
SpikeRight,192,64,3F9B2464,0,1,1,4294967295,0,0
SpikeUp,160,32,CEDA2640,0,1,1,4294967295,0,0
SpikeUp,176,208,EF035AFE,0,1,1,4294967295,0,0
SpikeRight,208,240,7355E6C5,0,1,1,4294967295,0,0
SpikeRight,384,256,5E355C27,0,1,1,4294967295,0,0
SpikeRight,752,320,19588C4E,0,1,1,4294967295,0,0
SpikeRight,768,416,C5B09CB4,0,1,1,4294967295,0,0
SpikeDown,736,448,6A72514F,0,1,1,4294967295,0,0
SpikeUp,720,288,D393C96B,0,1,1,4294967295,0,0
SpikeDown,672,384,7B496FAC,0,1,1,4294967295,0,0
SpikeRight,704,352,6B320FD9,0,1,1,4294967295,0,0
SpikeRight,720,224,EBC7DA4A,0,1,1,4294967295,0,0
SpikeRight,768,144,21DBE90B,0,1,1,4294967295,0,0
SpikeLeft,704,144,257AD51C,0,1,1,4294967295,0,0
SpikeUp,736,112,7F7EDC64,0,1,1,4294967295,0,0
SpikeRight,688,96,7EAFED62,0,1,1,4294967295,0,0
SpikeLeft,576,32,CD46FAD4,0,1,1,4294967295,0,0
SpikeUp,608,0,447739CB,0,1,1,4294967295,0,0
SpikeRight,640,32,D38EDB30,0,1,1,4294967295,0,0
SpikeDown,608,64,492F8AAF,0,1,1,4294967295,0,0
SpikeLeft,624,96,AA273337,0,1,1,4294967295,0,0
SpikeDown,656,128,AB387801,0,1,1,4294967295,0,0
SpikeDown,688,256,C8722DFB,0,1,1,4294967295,0,0
SpikeLeft,656,224,38DDF55E,0,1,1,4294967295,0,0
SpikeUp,640,160,9FE4BA96,0,1,1,4294967295,0,0
SpikeLeft,608,192,B677F7BF,0,1,1,4294967295,0,0
SpikeRight,656,288,8F90A123,0,1,1,4294967295,0,0
SpikeUp,624,256,DDDB191D,0,1,1,4294967295,0,0
SpikeDown,624,320,E11CCF14,0,1,1,4294967295,0,0
SpikeLeft,640,352,99598BC0,0,1,1,4294967295,0,0
SpikeLeft,592,416,A9162329,0,1,1,4294967295,0,0
SpikeUp,624,384,66EA42FE,0,1,1,4294967295,0,0
SpikeRight,656,416,F43150C7,0,1,1,4294967295,0,0
SpikeDown,624,448,429361BA,0,1,1,4294967295,0,0
SpikeUp,704,448,E7767A11,0,1,1,4294967295,0,0
SpikeLeft,672,480,F86B2043,0,1,1,4294967295,0,0
SpikeUp,752,528,5EFE8679,0,1,1,4294967295,0,0
SpikeLeft,720,560,34A7472F,0,1,1,4294967295,0,0
SpikeDown,656,560,3CFA7900,0,1,1,4294967295,0,0
SpikeRight,688,528,1E2B0BA2,0,1,1,4294967295,0,0
SpikeUp,608,528,C61457C5,0,1,1,4294967295,0,0
SpikeLeft,576,560,DD766247,0,1,1,4294967295,0,0
SpikeLeft,448,560,C940B1C0,0,1,1,4294967295,0,0
SpikeUp,480,528,4FB67CF2,0,1,1,4294967295,0,0
SpikeRight,512,560,625AB537,0,1,1,4294967295,0,0
SpikeDown,528,512,11705969,0,1,1,4294967295,0,0
SpikeLeft,480,144,E1E00DF9,0,1,1,4294967295,0,0
SpikeUp,512,112,981781AE,0,1,1,4294967295,0,0
SpikeRight,544,144,57AB8D20,0,1,1,4294967295,0,0
SpikeDown,512,176,90C22933,0,1,1,4294967295,0,0
SpikeUp,528,224,2684F519,0,1,1,4294967295,0,0
SpikeLeft,496,256,DEF6EC40,0,1,1,4294967295,0,0
SpikeDown,448,240,0EFCABA0,0,1,1,4294967295,0,0
SpikeRight,480,208,CD2872CD,0,1,1,4294967295,0,0
SpikeLeft,416,208,4CF02F6F,0,1,1,4294967295,0,0
SpikeUp,448,176,7F8A85C9,0,1,1,4294967295,0,0
SpikeDown,448,112,0C55E6CB,0,1,1,4294967295,0,0
SpikeRight,416,144,D8BC297D,0,1,1,4294967295,0,0
SpikeDown,384,176,45FB1B2B,0,1,1,4294967295,0,0
SpikeUp,384,112,B177D587,0,1,1,4294967295,0,0
SpikeLeft,352,144,39E60F49,0,1,1,4294967295,0,0
SpikeRight,480,80,7655B7FF,0,1,1,4294967295,0,0
SpikeLeft,416,80,54753630,0,1,1,4294967295,0,0
SpikeDown,368,96,8342CDF0,0,1,1,4294967295,0,0
SpikeUp,368,32,9CC6B7C0,0,1,1,4294967295,0,0
SpikeLeft,336,64,267B195C,0,1,1,4294967295,0,0
SpikeRight,336,160,BD721A65,0,1,1,4294967295,0,0
SpikeUp,304,128,6BECCF35,0,1,1,4294967295,0,0
SpikeDown,48,336,5D50B9BD,0,1,1,4294967295,0,0
SpikeRight,80,304,3E1172E5,0,1,1,4294967295,0,0
SpikeUp,48,272,241E0C51,0,1,1,4294967295,0,0
SpikeLeft,16,304,B8C58462,0,1,1,4294967295,0,0
SpikeRight,224,320,F4E69C7B,0,1,1,4294967295,0,0
SpikeLeft,160,320,7FBCD657,0,1,1,4294967295,0,0
SpikeDown,352,288,4E6A6E8E,0,1,1,4294967295,0,0
SpikeRight,576,336,821B663C,0,1,1,4294967295,0,0
SpikeUp,544,304,09E2F50B,0,1,1,4294967295,0,0
SpikeLeft,512,336,9E7C40A9,0,1,1,4294967295,0,0
SpikeDown,544,368,1D9D8F29,0,1,1,4294967295,0,0
SpikeDown,480,416,77690793,0,1,1,4294967295,0,0
SpikeRight,512,384,54D2447C,0,1,1,4294967295,0,0
SpikeRight,560,480,EB219D3C,0,1,1,4294967295,0,0
SpikeRight,480,464,D807A76F,0,1,1,4294967295,0,0
SpikeDown,448,496,001CBBA1,0,1,1,4294967295,0,0
SpikeLeft,416,464,0F5C1574,0,1,1,4294967295,0,0
SpikeUp,448,432,6FF8F2AC,0,1,1,4294967295,0,0
SpikeLeft,448,384,D11CEF32,0,1,1,4294967295,0,0
SpikeRight,448,336,4BFB0A1B,0,1,1,4294967295,0,0
SpikeUp,416,304,32FAD098,0,1,1,4294967295,0,0
SpikeLeft,384,336,C9DDE3FC,0,1,1,4294967295,0,0
SpikeDown,416,368,C0349845,0,1,1,4294967295,0,0
SpikeDown,368,560,026D01CF,0,1,1,4294967295,0,0
SpikeRight,400,528,669EDC60,0,1,1,4294967295,0,0
SpikeUp,368,496,824B8D8E,0,1,1,4294967295,0,0
SpikeLeft,336,528,59F3A34D,0,1,1,4294967295,0,0
SpikeDown,256,544,E57942F6,0,1,1,4294967295,0,0
SpikeRight,288,512,45F17907,0,1,1,4294967295,0,0
SpikeRight,224,544,B9395EEC,0,1,1,4294967295,0,0
SpikeUp,192,512,91EE5A82,0,1,1,4294967295,0,0
SpikeRight,384,416,1B91D133,0,1,1,4294967295,0,0
SpikeDown,352,448,990014A8,0,1,1,4294967295,0,0
SpikeLeft,320,416,38405B18,0,1,1,4294967295,0,0
SpikeDown,288,400,AFB3855D,0,1,1,4294967295,0,0
SpikeUp,288,336,77070964,0,1,1,4294967295,0,0
SpikeDown,240,432,7BC0C814,0,1,1,4294967295,0,0
SpikeUp,240,368,9FA3EA73,0,1,1,4294967295,0,0
SpikeLeft,208,400,083547CB,0,1,1,4294967295,0,0
SpikeRight,208,432,B18CD8CF,0,1,1,4294967295,0,0
SpikeLeft,144,432,153BEA2C,0,1,1,4294967295,0,0
SpikeLeft,96,368,F925E895,0,1,1,4294967295,0,0
SpikeUp,128,336,434E72B9,0,1,1,4294967295,0,0
SpikeRight,160,368,3B4E9ED8,0,1,1,4294967295,0,0
SpikeDown,128,400,03729C62,0,1,1,4294967295,0,0
SpikeLeft,0,416,7629B670,0,1,1,4294967295,0,0
SpikeDown,32,448,26CEF0F9,0,1,1,4294967295,0,0
SpikeRight,64,416,FE48147A,0,1,1,4294967295,0,0
SpikeUp,80,448,CECDDD2C,0,1,1,4294967295,0,0
SpikeRight,112,480,906E2752,0,1,1,4294967295,0,0
SpikeRight,144,544,B8ACBB0D,0,1,1,4294967295,0,0
SpikeDown,16,560,BCF794EB,0,1,1,4294967295,0,0
SpikeUp,16,496,5179C8C3,0,1,1,4294967295,0,0
SpikeRight,48,528,C99255E3,0,1,1,4294967295,0,0
SpikeLeft,80,544,2113584A,0,1,1,4294967295,0,0
SpikeDown,112,576,F044DBBC,0,1,1,4294967295,0,0
SpikeLeft,240,256,B9EA7420,0,1,1,4294967295,0,0
SpikeRight,304,256,FCB10C04,0,1,1,4294967295,0,0
SpikeUp,272,224,F747A807,0,1,1,4294967295,0,0
SpikeDown,224,208,DBF4EFA8,0,1,1,4294967295,0,0
SpikeLeft,192,176,3078C451,0,1,1,4294967295,0,0
SpikeDown,128,240,1A656E01,0,1,1,4294967295,0,0
SpikeUp,128,176,A251682E,0,1,1,4294967295,0,0
SpikeDown,80,208,282F8604,0,1,1,4294967295,0,0
SpikeLeft,48,176,32C5B6E3,0,1,1,4294967295,0,0
SpikeDown,0,160,6FE8F180,0,1,1,4294967295,0,0
SpikeRight,32,128,1AA021AB,0,1,1,4294967295,0,0
SpikeUp,0,96,7AA8BB3F,0,1,1,4294967295,0,0
SpikeLeft,64,80,8A581867,0,1,1,4294967295,0,0
SpikeDown,96,112,3E10CD62,0,1,1,4294967295,0,0
SpikeDown,16,48,57997A3C,0,1,1,4294967295,0,0
SpikeRight,48,16,2DB10F34,0,1,1,4294967295,0,0
Block,288,48,E6EBC141,0,1,1,4294967295,0,0
Block,224,96,624262E2,0,1,1,4294967295,0,0
Block,160,64,81980452,0,1,1,4294967295,0,0
Block,176,240,136A5515,0,1,1,4294967295,0,0
Block,736,416,813375A7,0,1,1,4294967295,0,0
Block,720,320,6E73C1A4,0,1,1,4294967295,0,0
Block,672,352,31504F6D,0,1,1,4294967295,0,0
Block,736,144,E8223761,0,1,1,4294967295,0,0
Block,656,96,9829F59F,0,1,1,4294967295,0,0
Block,608,32,9E323198,0,1,1,4294967295,0,0
Block,688,224,FF58A495,0,1,1,4294967295,0,0
Block,640,192,111671F0,0,1,1,4294967295,0,0
Block,624,288,998BFDE3,0,1,1,4294967295,0,0
Block,624,416,F792BDF8,0,1,1,4294967295,0,0
Block,704,480,A54E8ADF,0,1,1,4294967295,0,0
Block,752,560,A9C163E5,0,1,1,4294967295,0,0
Block,656,528,5F700741,0,1,1,4294967295,0,0
Block,608,560,136F8446,0,1,1,4294967295,0,0
Block,480,560,4C196524,0,1,1,4294967295,0,0
Block,528,256,649CE4BD,0,1,1,4294967295,0,0
Block,512,144,9AF4D746,0,1,1,4294967295,0,0
Block,448,208,69C66972,0,1,1,4294967295,0,0
Block,384,144,1E736301,0,1,1,4294967295,0,0
Block,448,80,C04E1B3E,0,1,1,4294967295,0,0
Block,368,64,7628EF23,0,1,1,4294967295,0,0
Block,304,160,04B283C3,0,1,1,4294967295,0,0
Block,48,304,847CF113,0,1,1,4294967295,0,0
Block,192,320,F03FC89B,0,1,1,4294967295,0,0
Block,352,256,4155AD1B,0,1,1,4294967295,0,0
Block,416,336,BA9CBFBB,0,1,1,4294967295,0,0
Block,544,336,490D469A,0,1,1,4294967295,0,0
Block,448,464,E3611B4F,0,1,1,4294967295,0,0
Block,528,480,9ACAAB13,0,1,1,4294967295,0,0
Block,480,384,F87BEC48,0,1,1,4294967295,0,0
Block,368,528,264376B9,0,1,1,4294967295,0,0
Block,256,512,2E768B1F,0,1,1,4294967295,0,0
Block,192,544,0FDB3EF2,0,1,1,4294967295,0,0
Block,352,416,F3D4DE80,0,1,1,4294967295,0,0
Block,288,368,4673A264,0,1,1,4294967295,0,0
Block,240,400,0D61432D,0,1,1,4294967295,0,0
Block,176,432,8E04BA52,0,1,1,4294967295,0,0
Block,128,368,99FC6F15,0,1,1,4294967295,0,0
Block,80,480,E5B6F682,0,1,1,4294967295,0,0
Block,32,416,880EC1D1,0,1,1,4294967295,0,0
Block,112,544,37D68DB0,0,1,1,4294967295,0,0
Block,16,528,81933BD2,0,1,1,4294967295,0,0
Block,272,256,6D7D6CAB,0,1,1,4294967295,0,0
Block,224,176,5C9D0801,0,1,1,4294967295,0,0
Block,128,208,69F9C369,0,1,1,4294967295,0,0
Block,80,176,F7FB13ED,0,1,1,4294967295,0,0
Block,0,128,790F075C,0,1,1,4294967295,0,0
Block,96,80,D0F65FDB,0,1,1,4294967295,0,0
Block,16,16,831AD18D,0,1,1,4294967295,0,0
Warp,736,32,F4128CE6,0,1,1,4294967295,0,1
SaveVeryHard,448,48,1509AAD1,0,1,1,4294967295,0,0
SaveVeryHard,480,352,2296B1AA,0,1,1,4294967295,0,0
SaveVeryHard,176,400,75FECD10,0,1,1,4294967295,0,0
PlayerStart,176,400,35645097,0,1,1,4294967295,0,0
genericRainbow,96,0,623B119A,0,1,1,4294967295,0,0
