SpikeUp,496,512,0ADA8BBE,0,1,1,4294967295,0,0
SpikeDown,544,480,DFCD9497,0,1,1,4294967295,0,0
SpikeLeft,496,448,4D499FE4,0,1,1,4294967295,0,0
SpikeUp,640,384,7C86A3F3,0,1,1,4294967295,0,0
SpikeUp,624,528,568666CA,0,1,1,4294967295,0,0
SpikeRight,560,384,BFB1C2C6,0,1,1,4294967295,0,0
SpikeUp,608,416,B08EDBAB,0,1,1,4294967295,0,0
SpikeUp,592,272,9881A072,0,1,1,4294967295,0,0
SpikeUp,688,208,F75DF273,0,1,1,4294967295,0,0
SpikeUp,608,240,5261A4BD,0,1,1,4294967295,0,0
SpikeRight,672,192,3E9C7A71,0,1,1,4294967295,0,0
SpikeUp,704,80,98BEAA65,0,1,1,4294967295,0,0
SpikeUp,688,32,025F62A9,0,1,1,4294967295,0,0
SpikeDown,592,88,36413ADD,0,1,1,4294967295,0,0
SpikeUp,592,24,DDEBBA4E,0,1,1,4294967295,0,0
SpikeUp,560,144,C68BA9C3,0,1,1,4294967295,0,0
SpikeUp,512,208,00EDF016,0,1,1,4294967295,0,0
MiniSpikeUp,544,368,53351C75,0,1,1,4294967295,0,0
SpikeLeft,528,304,69D16084,0,1,1,4294967295,0,0
MiniSpikeUp,560,288,1D4009CC,0,1,1,4294967295,0,0
MiniSpikeUp,576,288,891C4CE7,0,1,1,4294967295,0,0
SpikeDown,464,224,B8107B1C,0,1,1,4294967295,0,0
SpikeUp,464,336,D8949068,0,1,1,4294967295,0,0
SpikeUp,432,48,1270D6C3,0,1,1,4294967295,0,0
SpikeUp,464,48,E36D7753,0,1,1,4294967295,0,0
SpikeUp,448,16,2A099034,0,1,1,4294967295,0,0
MiniSpikeUp,528,432,60F68452,0,1,1,4294967295,0,0
SpikeRight,672,448,5B12BCD1,0,1,1,4294967295,0,0
SpikeLeft,432,176,237F6EF5,0,1,1,4294967295,0,0
MiniSpikeUp,384,144,96FA9384,0,1,1,4294967295,0,0
SpikeLeft,352,240,8DC8CA2E,0,1,1,4294967295,0,0
SpikeRight,400,240,DBA5DE63,0,1,1,4294967295,0,0
SpikeLeft,400,80,EC4C8D3F,0,1,1,4294967295,0,0
SpikeUp,224,128,E7B10597,0,1,1,4294967295,0,0
SpikeLeft,304,48,B6142F0B,0,1,1,4294967295,0,0
MiniSpikeUp,304,32,26EAB75A,0,1,1,4294967295,0,0
MiniSpikeUp,352,32,28892798,0,1,1,4294967295,0,0
SpikeUp,320,16,10B16E68,0,1,1,4294967295,0,0
SpikeUp,224,288,ADF3DA94,0,1,1,4294967295,0,0
SpikeUp,256,336,53F786CE,0,1,1,4294967295,0,0
MiniSpikeUp,288,128,64903811,0,1,1,4294967295,0,0
MiniSpikeUp,304,208,4DBE6890,0,1,1,4294967295,0,0
MiniSpikeUp,320,208,5C6C685D,0,1,1,4294967295,0,0
SpikeRight,192,224,4AB73FC8,0,1,1,4294967295,0,0
SpikeDown,160,272,10398CED,0,1,1,4294967295,0,0
MiniSpikeUp,192,336,89441F07,0,1,1,4294967295,0,0
SpikeUp,304,384,5543A91F,0,1,1,4294967295,0,0
SpikeUp,336,352,03CF4A9F,0,1,1,4294967295,0,0
SpikeUp,368,352,65B48463,0,1,1,4294967295,0,0
SpikeRight,224,448,505ADF49,0,1,1,4294967295,0,0
SpikeLeft,432,112,BA0FEC76,0,1,1,4294967295,0,0
MiniSpikeLeft,288,48,3E0F7931,0,1,1,4294967295,0,0
SpikeUp,80,432,7E195B66,0,1,1,4294967295,0,0
SpikeDown,80,352,433E8F27,0,1,1,4294967295,0,0
SpikeUp,192,176,17C59FBE,0,1,1,4294967295,0,0
SpikeUp,160,176,249068EC,0,1,1,4294967295,0,0
SpikeUp,128,48,F9CAB26E,0,1,1,4294967295,0,0
SpikeLeft,96,80,1FA815AD,0,1,1,4294967295,0,0
SpikeLeft,64,112,FB056CAC,0,1,1,4294967295,0,0
SpikeRight,112,464,B2AA7504,0,1,1,4294967295,0,0
MiniSpikeUp,192,432,98E279BF,0,1,1,4294967295,0,0
MiniSpikeUp,208,432,0DE04B8B,0,1,1,4294967295,0,0
Block,464,576,10F3F58C,0,1,1,4294967295,0,0
Block,496,576,2931F68B,0,1,1,4294967295,0,0
Block,496,544,0A30BCAE,0,1,1,4294967295,0,0
Block,432,576,EADBE05C,0,1,1,4294967295,0,0
Block,528,448,7D58DF10,0,1,1,4294967295,0,0
Block,608,448,CA97C1E8,0,1,1,4294967295,0,0
Block,576,480,76BBCFAF,0,0.5,1,4294967295,0,0
Block,640,416,3B2B92D5,0,1,2,4294967295,0,0
Block,624,560,81E78EA5,0,1,1.5,4294967295,0,0
Block,656,576,7C1BF51A,0,1,1,4294967295,0,0
Block,560,464,851B684E,0,1,0.5,4294967295,0,0
Block,544,384,AAC2F7AF,0,0.5,2,4294967295,0,0
Block,624,272,7525B6E5,0,0.5,2.5,4294967295,0,0
Block,592,304,7CB728C4,0,1,1,4294967295,0,0
Block,608,272,05C01A99,0,0.5,1,4294967295,0,0
Block,704,256,3E1E89A9,0,0.5,1,4294967295,0,0
Block,704,240,8C699618,0,0.5,0.5,4294967295,0,0
Block,672,240,65F66F3B,0,1,0.5,4294967295,0,0
Block,672,208,5969EE6A,0,1,1,4294967295,0,0
Block,704,112,AD1A9285,0,1,1,4294967295,0,0
Block,704,64,D3CFC26D,0,0.5,1.5,4294967295,0,0
Block,688,64,9D7D4325,0,0.5,1,4294967295,0,0
Block,592,56,C1F5D6B3,0,1,1,4294967295,0,0
Block,592,0,FA9AE6D8,0,0.5,1.75,4294967295,0,0
Block,560,176,C57762A5,0,1,1,4294967295,0,0
Block,560,208,F8867A0E,0,1,1,4294967295,0,0
Block,512,240,C97D38C6,0,1,0.5,4294967295,0,0
Block,560,304,D9C25017,0,1,1,4294967295,0,0
Block,464,128,9827C5C0,0,1,2,4294967295,0,0
Block,464,192,FA0BC979,0,1,1,4294967295,0,0
Block,432,288,DB7B3A87,0,1,1,4294967295,0,0
Block,432,320,05D68C57,0,1,1,4294967295,0,0
Block,432,352,A84AEE08,0,1,1,4294967295,0,0
Block,464,368,F2C5914F,0,1,0.5,4294967295,0,0
Block,432,80,D92834A2,0,2,1.5,4294967295,0,0
Block,384,208,F78A78A0,0,0.5,2,4294967295,0,0
Block,400,256,0CE2017C,0,1,1.5,4294967295,0,0
Block,384,272,F637F9A8,0,0.5,1,4294967295,0,0
Block,224,160,93413082,0,1,1,4294967295,0,0
Block,224,192,23D93127,0,1,1.5,4294967295,0,0
Block,384,160,B5098322,0,0.5,1.5,4294967295,0,0
Block,304,224,DB05D290,0,1,1,4294967295,0,0
Block,304,256,9E7FA2B9,0,1,1.5,4294967295,0,0
Block,336,48,8243D009,0,1,1,4294967295,0,0
Block,304,48,2F53E770,0,1,0.5,4294967295,0,0
Block,224,320,0C03DD87,0,1,1,4294967295,0,0
Block,224,352,6E4C78EE,0,1,1,4294967295,0,0
Block,256,368,9FE96E72,0,1,0.5,4294967295,0,0
Block,288,144,B4110332,0,0.5,1,4294967295,0,0
Block,192,352,3BA7CF6F,0,1,1,4294967295,0,0
Block,192,208,EFD57016,0,1,1,4294967295,0,0
Block,160,208,F5FDD3AF,0,1,2,4294967295,0,0
Block,304,416,98DE1D1E,0,1,1,4294967295,0,0
Block,336,416,28CAB015,0,1,1,4294967295,0,0
Block,368,416,B5C52A7A,0,1,1,4294967295,0,0
Block,336,384,2E7071C8,0,1,1,4294967295,0,0
Block,368,384,1BBE2EF5,0,1,1,4294967295,0,0
Block,224,464,58695400,0,1,1,4294967295,0,0
Block,224,496,8B1FC88F,0,1,1,4294967295,0,0
Block,224,528,5B5CDD94,0,1,1,4294967295,0,0
Block,192,528,31B90F10,0,1,1,4294967295,0,0
Block,80,464,D7285A6B,0,1,1,4294967295,0,0
Block,128,208,74569BEF,0,1,0.5,4294967295,0,0
Block,128,176,A2B704D9,0,1,1,4294967295,0,0
Block,128,144,DEA0C934,0,1,1,4294967295,0,0
Block,128,112,57C1F709,0,1,1,4294967295,0,0
Block,128,80,2F5959DD,0,1,1,4294967295,0,0
Block,96,112,F9BCF545,0,1,1,4294967295,0,0
Block,80,320,8BC28ABB,0,1,1,4294967295,0,0
Block,80,304,C5944F73,0,2,0.5,4294967295,0,0
Block,192,448,8AD37DCC,0,1,1,4294967295,0,0
stc_DCVisuals,16,16,52EB0D6E,0,1,1,4294967295,0,0
VineRight,624,560,9B5A75E0,0,1,1,4294967295,0,0
VineLeft,688,256,B6436BA3,0,1,1,4294967295,0,0
VineRight,384,208,0B6C415A,0,1,1,4294967295,0,0
VineRight,304,416,4749CFAE,0,1,1,4294967295,0,0
VineRight,80,320,AF94A008,0,1,1,4294967295,0,0
PlayerStart,464,544,A4DB2184,0,1,1,4294967295,0,0
SaveVeryHard,464,544,7E6A7D37,0,1,1,4294967295,0,0
PlatformNosnap,640,480,941992E6,0,1,1,4294967295,0,0
PlatformNosnap,576,416,03022EC7,0,0.5,2,4294967295,0,0
PlatformNosnap,640,336,0002D4F4,0,2,1,4294967295,0,0
Cherry,656,192,314E7E7E,0,1,1,4294967295,0,0
PlatformNosnap,592,144,3281B9D0,0,1,2,4294967295,0,0
SaveVeryHard,432,256,FCD59339,0,1,1,4294967295,0,0
PlatformNosnap,256,160,F475BEAF,0,1,1,4294967295,0,0
Cherry,320,144,36A2F3AF,0,1,1,4294967295,0,0
Cherry,352,304,E0465204,0,1,1,4294967295,0,0
Cherry,176,336,13A6E827,0,1,1,4294967295,0,0
PlatformNosnap,48,464,9BAAF956,0,1,2,4294967295,0,0
Warp,96,272,3B2A2028,0,1,1,4294967295,0,1
SpikeCeleUp,656,544,557E7C00,0,1,1,4294967295,0,0
SpikeCeleUp,560,432,5047CBA5,0,1,1,4294967295,0,0
SpikeCeleUp,640,304,C52EA74A,0,1,1,4294967295,0,0
SpikeCeleUp,672,304,A12BA893,0,1,1,4294967295,0,0
SpikeCeleUp,592,112,5F2C8CF8,0,1,1,4294967295,0,0
SpikeCeleUp,256,128,BF9F77D5,0,1,1,4294967295,0,0
SpikeCeleUp,48,432,5BE5E56E,0,1,1,4294967295,0,0
Water,432,128,91E3A056,0,1,2,4294967295,0,0
Water,256,224,20C1F092,0,1.5,0.5,4294967295,0,0
