SpikeRight,752,176,C68D9C27,0,1,1,4294967295,0,0
SpikeLeft,752,176,543CF88C,0,1,1,4294967295,0,0
SpikeRight,768,224,52E0B791,0,1,1,4294967295,0,0
SpikeLeft,736,224,C46A36FD,0,1,1,4294967295,0,0
SpikeDown,704,192,E495983E,0,1,1,4294967295,0,0
SpikeUp,704,160,AC223896,0,1,1,4294967295,0,0
SpikeUp,656,0,49BF3447,0,1,1,4294967295,0,0
SpikeDown,656,32,2DF2F504,0,1,1,4294967295,0,0
SpikeLeft,544,16,B0E66AEE,0,1,1,4294967295,0,0
SpikeRight,608,16,91267688,0,1,1,4294967295,0,0
SpikeDown,576,48,9FD97A88,0,1,1,4294967295,0,0
SpikeRight,480,64,8AE5836A,0,1,1,4294967295,0,0
SpikeLeft,560,320,1D289A33,0,1,1,4294967295,0,0
SpikeRight,560,272,029154C7,0,1,1,4294967295,0,0
SpikeDown,608,176,CAC7E17F,0,1,1,4294967295,0,0
SpikeRight,560,128,6AE75F2F,0,1,1,4294967295,0,0
SpikeLeft,0,304,81FB0CCF,0,1,1,4294967295,0,0
SpikeRight,32,304,271CBA85,0,1,1,4294967295,0,0
SpikeLeft,48,256,05AAA39B,0,1,1,4294967295,0,0
SpikeLeft,0,16,561D227E,0,1,1,4294967295,0,0
SpikeRight,32,16,83985498,0,1,1,4294967295,0,0
SpikeUp,48,48,8491854F,0,1,1,4294967295,0,0
SpikeDown,48,80,7D5A37DF,0,1,1,4294967295,0,0
SpikeLeft,288,112,439F884E,0,1,1,4294967295,0,0
SpikeRight,320,112,4DD0A407,0,1,1,4294967295,0,0
SpikeUp,128,320,1519AB1F,0,1,1,4294967295,0,0
SpikeLeft,192,320,F158D094,0,1,1,4294967295,0,0
SpikeDown,80,288,A0C25493,0,1,1,4294967295,0,0
SpikeUp,224,288,EB7BBC0A,0,1,1,4294967295,0,0
SpikeUp,256,288,F4E0364A,0,1,1,4294967295,0,0
SpikeDown,448,288,41DD42D6,0,1,1,4294967295,0,0
SpikeLeft,96,352,F55C625E,0,1,1,4294967295,0,0
SpikeRight,160,352,3CDBCAF2,0,1,1,4294967295,0,0
SpikeRight,288,352,D15056F4,0,1,1,4294967295,0,0
SpikeRight,624,352,02EBE0D4,0,1,1,4294967295,0,0
SpikeDown,128,384,3514906B,0,1,1,4294967295,0,0
SpikeUp,288,384,0FDACB97,0,1,1,4294967295,0,0
SpikeLeft,352,384,8822444A,0,1,1,4294967295,0,0
SpikeLeft,448,384,880C9753,0,1,1,4294967295,0,0
SpikeRight,480,384,CEE1E591,0,1,1,4294967295,0,0
SpikeDown,592,384,E76A3933,0,1,1,4294967295,0,0
SpikeDown,352,336,31333B37,0,1,1,4294967295,0,0
SpikeUp,528,336,FDB2E7AC,0,1,1,4294967295,0,0
SpikeLeft,656,336,27198DB7,0,1,1,4294967295,0,0
SpikeUp,352,304,3BD50F86,0,1,1,4294967295,0,0
SpikeUp,688,304,7A9DA1C2,0,1,1,4294967295,0,0
SpikeDown,640,272,89E6CC6C,0,1,1,4294967295,0,0
SpikeLeft,464,240,51148B7D,0,1,1,4294967295,0,0
SpikeRight,496,240,206CE2A1,0,1,1,4294967295,0,0
SpikeRight,672,240,118CFF0F,0,1,1,4294967295,0,0
SpikeLeft,608,240,0A7C00C5,0,1,1,4294967295,0,0
SpikeDown,352,208,A97A3891,0,1,1,4294967295,0,0
SpikeDown,544,208,C1EBF94D,0,1,1,4294967295,0,0
SpikeUp,640,208,587BB4DC,0,1,1,4294967295,0,0
SpikeLeft,80,192,3EBEDB5C,0,1,1,4294967295,0,0
SpikeLeft,192,192,A512D4BC,0,1,1,4294967295,0,0
SpikeDown,0,192,F9E50775,0,1,1,4294967295,0,0
SpikeRight,384,176,B1267816,0,1,1,4294967295,0,0
SpikeLeft,320,176,86EFF62A,0,1,1,4294967295,0,0
SpikeDown,448,176,35F4D463,0,1,1,4294967295,0,0
SpikeRight,576,176,76A58FB9,0,1,1,4294967295,0,0
SpikeUp,352,144,046BF795,0,1,1,4294967295,0,0
SpikeUp,448,144,66EBD4BD,0,1,1,4294967295,0,0
SpikeDown,96,128,B44A934A,0,1,1,4294967295,0,0
SpikeLeft,496,128,B93E31FD,0,1,1,4294967295,0,0
SpikeLeft,736,128,7544E41C,0,1,1,4294967295,0,0
SpikeRight,768,128,014479F9,0,1,1,4294967295,0,0
SpikeLeft,288,0,A77AC5CE,0,1,1,4294967295,0,0
SpikeRight,320,0,141BCBBA,0,1,1,4294967295,0,0
SpikeUp,96,96,832F185D,0,1,1,4294967295,0,0
SpikeDown,160,96,62375853,0,1,1,4294967295,0,0
SpikeUp,528,96,FE4FF05B,0,1,1,4294967295,0,0
SpikeDown,384,96,DCC12BDD,0,1,1,4294967295,0,0
SpikeRight,656,96,05789203,0,1,1,4294967295,0,0
SpikeUp,112,160,60C890A7,0,1,1,4294967295,0,0
SpikeRight,32,160,E261D376,0,1,1,4294967295,0,0
SpikeUp,224,160,E85C1A96,0,1,1,4294967295,0,0
SpikeUp,176,32,3FED49D8,0,1,1,4294967295,0,0
SpikeUp,256,32,A9A2FE32,0,1,1,4294967295,0,0
SpikeUp,704,32,06094473,0,1,1,4294967295,0,0
SpikeUp,160,64,2280D4EA,0,1,1,4294967295,0,0
SpikeDown,176,64,7D5C3741,0,1,1,4294967295,0,0
SpikeDown,256,64,BA3BA1EA,0,1,1,4294967295,0,0
SpikeUp,384,64,48420DB1,0,1,1,4294967295,0,0
SpikeLeft,416,64,44DA2FE2,0,1,1,4294967295,0,0
SpikeUp,624,64,A7E1A0F0,0,1,1,4294967295,0,0
SpikeLeft,672,64,E57092D4,0,1,1,4294967295,0,0
SpikeRight,736,64,D194005C,0,1,1,4294967295,0,0
SpikeDown,112,224,CD7E704E,0,1,1,4294967295,0,0
SpikeUp,384,224,DDEBBB52,0,1,1,4294967295,0,0
SpikeUp,304,224,6D443AAD,0,1,1,4294967295,0,0
SpikeDown,384,256,44BA64BC,0,1,1,4294967295,0,0
SpikeUp,448,256,ED3ACD4D,0,1,1,4294967295,0,0
SpikeDown,304,256,ABC8C7E2,0,1,1,4294967295,0,0
SpikeUp,368,480,26257195,0,1,1,4294967295,0,0
SpikeDown,528,480,7C7F36F5,0,1,1,4294967295,0,0
SpikeUp,224,464,E5D39867,0,1,1,4294967295,0,0
SpikeUp,496,464,B8473904,0,1,1,4294967295,0,0
SpikeRight,256,496,083A0B20,0,1,1,4294967295,0,0
SpikeLeft,464,496,A1EC9B37,0,1,1,4294967295,0,0
SpikeLeft,336,512,BC8710C6,0,1,1,4294967295,0,0
SpikeRight,400,512,43568D0D,0,1,1,4294967295,0,0
SpikeLeft,576,512,AC6F1E57,0,1,1,4294967295,0,0
SpikeDown,608,544,554DCE8F,0,1,1,4294967295,0,0
SpikeDown,384,448,164BF5E9,0,1,1,4294967295,0,0
SpikeLeft,80,448,C604234A,0,1,1,4294967295,0,0
SpikeRight,112,448,7F4B49C7,0,1,1,4294967295,0,0
SpikeDown,544,448,620C2DE5,0,1,1,4294967295,0,0
SpikeUp,528,448,CECE74B2,0,1,1,4294967295,0,0
SpikeLeft,608,448,E7B0C307,0,1,1,4294967295,0,0
SpikeRight,672,448,CF3BFF30,0,1,1,4294967295,0,0
SpikeDown,48,416,1ED5227F,0,1,1,4294967295,0,0
SpikeDown,288,416,3F878999,0,1,1,4294967295,0,0
SpikeRight,224,416,D4DA2B7B,0,1,1,4294967295,0,0
SpikeLeft,192,416,CC272D38,0,1,1,4294967295,0,0
SpikeUp,544,416,DA94370E,0,1,1,4294967295,0,0
SpikeUp,640,416,A5829C88,0,1,1,4294967295,0,0
SpikeLeft,736,416,1622FFC9,0,1,1,4294967295,0,0
SpikeRight,768,416,59DD3078,0,1,1,4294967295,0,0
SpikeRight,496,576,9055D28F,0,1,1,4294967295,0,0
SpikeLeft,432,576,42A996A1,0,1,1,4294967295,0,0
genericRainbow,0,576,9897CA12,0,1,1,4294967295,0,0
Block,672,192,40961A11,0,1,1,4294967295,0,0
Block,576,16,5BA4336E,0,1,1,4294967295,0,0
Block,528,272,7362DACD,0,1,1,4294967295,0,0
Block,608,144,F7593DE6,0,1,1,4294967295,0,0
Block,704,432,91487D7F,0,1,1,4294967295,0,0
Block,224,320,58CCEFBC,0,1,1,4294967295,0,0
Block,256,320,F43AC0BE,0,1,1,4294967295,0,0
Block,592,320,78FA957F,0,1,1,4294967295,0,0
Block,416,288,70891DFB,0,1,1,4294967295,0,0
Block,528,368,CBFB5C99,0,1,1,4294967295,0,0
Block,128,352,FA779AE3,0,1,1,4294967295,0,0
Block,256,352,8C4C800A,0,1,1,4294967295,0,0
Block,592,352,8FE8298A,0,1,1,4294967295,0,0
Block,48,384,EFB27FBE,0,1,1,4294967295,0,0
Block,384,384,A918053C,0,1,1,4294967295,0,0
Block,416,384,7CF750A7,0,1,1,4294967295,0,0
Block,688,336,0A16A31D,0,1,1,4294967295,0,0
Block,720,336,E2599C2C,0,1,1,4294967295,0,0
Block,528,240,7F192224,0,1,1,4294967295,0,0
Block,640,240,A26AE4FA,0,1,1,4294967295,0,0
Block,112,192,4925F58F,0,1,1,4294967295,0,0
Block,224,192,A4BFA684,0,1,1,4294967295,0,0
Block,416,192,33C7EB70,0,1,1,4294967295,0,0
Block,352,176,0D8EB80D,0,1,1,4294967295,0,0
Block,544,176,0B1760CB,0,1,1,4294967295,0,0
Block,128,128,D77E3CDE,0,1,1,4294967295,0,0
Block,528,128,17B17EB6,0,1,1,4294967295,0,0
Block,624,96,AB24E95E,0,1,1,4294967295,0,0
Block,0,160,5C4C4976,0,1,1,4294967295,0,0
Block,448,64,21F65E85,0,1,1,4294967295,0,0
Block,704,64,98830044,0,1,1,4294967295,0,0
Block,160,224,2EA510DD,0,1,1,4294967295,0,0
Block,80,256,92573D82,0,1,1,4294967295,0,0
Block,144,480,F830C98A,0,1,1,4294967295,0,0
Block,224,496,7B2CCEC5,0,1,1,4294967295,0,0
Block,496,496,3B3175D1,0,1,1,4294967295,0,0
Block,368,512,8CFA9E8D,0,1,1,4294967295,0,0
Block,288,512,85FDB731,0,1,1,4294967295,0,0
Block,608,512,E2AA2994,0,1,1,4294967295,0,0
Block,640,448,38B2EF54,0,1,1,4294967295,0,0
Block,384,416,34283620,0,1,1,4294967295,0,0
Block,464,576,E4A71371,0,1,1,4294967295,0,0
SaveVeryHard,128,96,586C8A13,0,1,1,4294967295,0,0
Warp,736,32,5D9AB385,0,1,1,4294967295,0,1
PlayerStart,416,256,0EF2A3F3,0,1,1,4294967295,0,0
SaveVeryHard,288,480,F2704377,0,1,1,4294967295,0,0
SaveVeryHard,608,480,82E17DA3,0,1,1,4294967295,0,0
SaveVeryHard,416,256,A423E235,0,1,1,4294967295,0,0
