MiniSpikeRight,752,360,84F469C3,0,1,1,4294967295,0,0
MiniSpikeLeft,736,360,7FBC627B,0,1,1,4294967295,0,0
MiniSpikeLeft,752,336,9D5D309E,0,1,1,4294967295,0,0
MiniSpikeLeft,752,320,1855F01B,0,1,1,4294967295,0,0
SpikeRight,768,320,FDDB7F2E,0,1,1,4294967295,0,0
SpikeDown,736,256,2353804B,0,1,1,4294967295,0,0
SpikeDown,768,288,B2263BE6,0,1,1,4294967295,0,0
MiniSpikeRight,720,304,829DDB49,0,1,1,4294967295,0,0
MiniSpikeRight,720,288,ECD76FC3,0,1,1,4294967295,0,0
SpikeLeft,656,320,02F7D70C,0,1,1,4294967295,0,0
MiniSpikeLeft,640,352,5D7FC62C,0,1,1,4294967295,0,0
MiniSpikeLeft,640,368,87FB338B,0,1,1,4294967295,0,0
MiniSpikeRight,592,336,43F2307D,0,1,1,4294967295,0,0
MiniSpikeRight,592,320,3F7F38C5,0,1,1,4294967295,0,0
MiniSpikeRight,352,112,31A909EE,0,1,1,4294967295,0,0
MiniSpikeLeft,336,112,CD7B1636,0,1,1,4294967295,0,0
MiniSpikeLeft,304,128,435DE4F8,0,1,1,4294967295,0,0
MiniSpikeRight,320,128,988007C4,0,1,1,4294967295,0,0
MiniSpikeRight,320,96,540B496E,0,1,1,4294967295,0,0
MiniSpikeLeft,304,96,DEC3C82D,0,1,1,4294967295,0,0
MiniSpikeRight,672,48,3B4D59C4,0,1,1,4294967295,0,0
MiniSpikeLeft,656,48,CF4D3EC6,0,1,1,4294967295,0,0
MiniSpikeRight,32,48,DA2287F2,0,1,1,4294967295,0,0
MiniSpikeLeft,176,48,EE0A1F5B,0,1,1,4294967295,0,0
MiniSpikeUp,448,272,9EE16C32,0,1,1,4294967295,0,0
SpikeUp,272,272,0178F9BE,0,1,1,4294967295,0,0
SpikeUp,400,272,3A93F18F,0,1,1,4294967295,0,0
MiniSpikeLeft,608,344,CC145736,0,1,1,4294967295,0,0
MiniSpikeRight,624,344,3DBAE375,0,1,1,4294967295,0,0
MiniSpikeRight,736,392,535F09DC,0,1,1,4294967295,0,0
MiniSpikeRight,480,392,F9F89FEE,0,1,1,4294967295,0,0
MiniSpikeLeft,496,392,0A343F8E,0,1,1,4294967295,0,0
SpikeRight,512,392,FA039183,0,1,1,4294967295,0,0
SpikeLeft,448,392,52E0A6E9,0,1,1,4294967295,0,0
SpikeRight,344,392,FD0077CB,0,1,1,4294967295,0,0
SpikeLeft,376,392,177BDB3E,0,1,1,4294967295,0,0
MiniSpikeDown,368,440,177A3845,0,1,1,4294967295,0,0
SpikeDown,592,176,829968DA,0,1,1,4294967295,0,0
SpikeUp,608,176,2CA37BA1,0,1,1,4294967295,0,0
SpikeLeft,512,176,C748F3DB,0,1,1,4294967295,0,0
SpikeRight,544,176,D6957344,0,1,1,4294967295,0,0
MiniSpikeUp,64,176,D2727DEB,0,1,1,4294967295,0,0
MiniSpikeUp,80,176,CDAE7AC1,0,1,1,4294967295,0,0
MiniSpikeUp,160,176,D8B883F3,0,1,1,4294967295,0,0
MiniSpikeUp,176,176,DA11E90D,0,1,1,4294967295,0,0
SpikeUp,480,336,361568C5,0,1,1,4294967295,0,0
SpikeDown,272,336,36F47E6C,0,1,1,4294967295,0,0
SpikeLeft,64,336,C0882BB0,0,1,1,4294967295,0,0
MiniSpikeRight,656,56,C6AF31EF,0,1,1,4294967295,0,0
MiniSpikeLeft,640,56,1DC9206A,0,1,1,4294967295,0,0
MiniSpikeLeft,656,136,1DBE1E76,0,1,1,4294967295,0,0
MiniSpikeRight,672,136,8CE1D265,0,1,1,4294967295,0,0
SpikeDown,240,432,BC38DAFB,0,1,1,4294967295,0,0
MiniSpikeUp,64,80,AD423006,0,1,1,4294967295,0,0
MiniSpikeUp,80,80,4CEB3DB5,0,1,1,4294967295,0,0
MiniSpikeUp,112,80,03BBFFC0,0,1,1,4294967295,0,0
MiniSpikeUp,128,80,C19C5235,0,1,1,4294967295,0,0
SpikeUp,672,464,D4E38652,0,1,1,4294967295,0,0
MiniSpikeRight,480,408,B8E299D2,0,1,1,4294967295,0,0
MiniSpikeLeft,496,408,B46D60D8,0,1,1,4294967295,0,0
SpikeUp,360,408,47DE1271,0,1,1,4294967295,0,0
MiniSpikeRight,288,408,39A0662D,0,1,1,4294967295,0,0
MiniSpikeLeft,272,408,99DFCE48,0,1,1,4294967295,0,0
SpikeDown,480,368,D5DC86F1,0,1,1,4294967295,0,0
MiniSpikeLeft,544,368,D2FB8048,0,1,1,4294967295,0,0
MiniSpikeLeft,80,368,2A16A8D4,0,1,1,4294967295,0,0
MiniSpikeRight,224,368,78147543,0,1,1,4294967295,0,0
MiniSpikeRight,736,376,45AA37C7,0,1,1,4294967295,0,0
SpikeLeft,704,376,4733FD33,0,1,1,4294967295,0,0
SpikeDown,360,376,AF35A8FB,0,1,1,4294967295,0,0
MiniSpikeRight,240,376,DD2A2102,0,1,1,4294967295,0,0
MiniSpikeLeft,224,376,ACF99D50,0,1,1,4294967295,0,0
SpikeUp,704,208,8AAFC86F,0,1,1,4294967295,0,0
SpikeLeft,272,208,68C80572,0,1,1,4294967295,0,0
SpikeRight,304,208,AF808267,0,1,1,4294967295,0,0
MiniSpikeUp,256,208,487867FD,0,1,1,4294967295,0,0
SpikeUp,624,208,CFBC2A1B,0,1,1,4294967295,0,0
SpikeDown,608,208,DB0BF595,0,1,1,4294967295,0,0
MiniSpikeLeft,208,208,D8CAE536,0,1,1,4294967295,0,0
MiniSpikeDown,264,208,2285D75A,0,1,1,4294967295,0,0
MiniSpikeRight,288,32,5BBF5C27,0,1,1,4294967295,0,0
SpikeUp,496,32,08C52FD6,0,1,1,4294967295,0,0
SpikeUp,464,32,A185C214,0,1,1,4294967295,0,0
MiniSpikeDown,96,32,1A0B747C,0,1,1,4294967295,0,0
SpikeDown,448,32,F3126E56,0,1,1,4294967295,0,0
SpikeDown,512,32,E97FA235,0,1,1,4294967295,0,0
SpikeLeft,672,32,93918E6A,0,1,1,4294967295,0,0
MiniSpikeRight,32,32,68465993,0,1,1,4294967295,0,0
MiniSpikeLeft,176,32,4D76923E,0,1,1,4294967295,0,0
MiniSpikeRight,464,288,EC1D0DFB,0,1,1,4294967295,0,0
MiniSpikeLeft,432,288,37C78B62,0,1,1,4294967295,0,0
MiniSpikeDown,512,288,5C7D1469,0,1,1,4294967295,0,0
MiniSpikeDown,496,288,6E53E146,0,1,1,4294967295,0,0
SpikeDown,112,288,5C23369A,0,1,1,4294967295,0,0
SpikeUp,128,288,77F51739,0,1,1,4294967295,0,0
SpikeUp,96,288,AF278BF2,0,1,1,4294967295,0,0
SpikeLeft,688,288,6C8453B7,0,1,1,4294967295,0,0
SpikeDown,192,288,18E3B8F0,0,1,1,4294967295,0,0
MiniSpikeDown,256,224,5D305ACD,0,1,1,4294967295,0,0
MiniSpikeUp,248,224,E38A237C,0,1,1,4294967295,0,0
SpikeLeft,304,224,DDAEFDAF,0,1,1,4294967295,0,0
SpikeDown,224,224,C9FD5F65,0,1,1,4294967295,0,0
SpikeDown,64,224,13719AB1,0,1,1,4294967295,0,0
SpikeUp,48,224,5F57DA90,0,1,1,4294967295,0,0
SpikeRight,368,224,27BB9EFB,0,1,1,4294967295,0,0
SpikeDown,496,224,D2BF9E5A,0,1,1,4294967295,0,0
SpikeDown,32,224,23EAFBA6,0,1,1,4294967295,0,0
SpikeDown,560,224,D7E2E042,0,1,1,4294967295,0,0
SpikeUp,208,224,418B125C,0,1,1,4294967295,0,0
MiniSpikeRight,736,544,3CF61CCC,0,1,1,4294967295,0,0
SpikeDown,176,544,39B29A04,0,1,1,4294967295,0,0
SpikeDown,368,544,242829DE,0,1,1,4294967295,0,0
MiniSpikeDown,520,544,31136365,0,1,1,4294967295,0,0
MiniSpikeUp,488,544,B84D43C1,0,1,1,4294967295,0,0
MiniSpikeUp,552,544,2E477311,0,1,1,4294967295,0,0
MiniSpikeUp,432,544,97AADEEC,0,1,1,4294967295,0,0
SpikeDown,704,576,1F91458A,0,1,1,4294967295,0,0
SpikeLeft,192,576,C1ACB209,0,1,1,4294967295,0,0
MiniSpikeUp,520,576,0FEBABC8,0,1,1,4294967295,0,0
MiniSpikeDown,488,576,3B628C6D,0,1,1,4294967295,0,0
MiniSpikeDown,552,576,53176AE3,0,1,1,4294967295,0,0
MiniSpikeDown,432,576,89ACAC40,0,1,1,4294967295,0,0
MiniSpikeDown,256,64,07091706,0,1,1,4294967295,0,0
SpikeUp,480,64,B21A849F,0,1,1,4294967295,0,0
MiniSpikeRight,672,64,A2EE8DAA,0,1,1,4294967295,0,0
MiniSpikeLeft,656,64,DB81B9BA,0,1,1,4294967295,0,0
SpikeDown,464,64,B121A689,0,1,1,4294967295,0,0
SpikeDown,496,64,A7FD4D16,0,1,1,4294967295,0,0
MiniSpikeDown,192,64,D6364A8A,0,1,1,4294967295,0,0
MiniSpikeDown,208,64,490FE3E7,0,1,1,4294967295,0,0
MiniSpikeUp,368,360,CAFA53E2,0,1,1,4294967295,0,0
SpikeUp,32,480,2ED0FED4,0,1,1,4294967295,0,0
SpikeUp,64,480,D7933641,0,1,1,4294967295,0,0
SpikeRight,320,480,2F79CCB0,0,1,1,4294967295,0,0
SpikeDown,48,480,0D20E764,0,1,1,4294967295,0,0
MiniSpikeLeft,272,480,011AF822,0,1,1,4294967295,0,0
SpikeUp,176,480,FC62F370,0,1,1,4294967295,0,0
SpikeDown,448,480,51DF584A,0,1,1,4294967295,0,0
SpikeRight,688,320,87651545,0,1,1,4294967295,0,0
MiniSpikeUp,288,320,E4AC5B77,0,1,1,4294967295,0,0
MiniSpikeRight,272,320,AF25F079,0,1,1,4294967295,0,0
SpikeLeft,560,320,99A00D12,0,1,1,4294967295,0,0
MiniSpikeLeft,80,320,A584AF8C,0,1,1,4294967295,0,0
SpikeDown,672,256,F21A6FD1,0,1,1,4294967295,0,0
MiniSpikeDown,240,256,7893B661,0,1,1,4294967295,0,0
MiniSpikeLeft,464,256,3BF7ABF1,0,1,1,4294967295,0,0
SpikeUp,112,256,C39B5103,0,1,1,4294967295,0,0
SpikeDown,48,256,51931E7A,0,1,1,4294967295,0,0
SpikeDown,336,256,4F6D9E4F,0,1,1,4294967295,0,0
SpikeUp,496,256,54619019,0,1,1,4294967295,0,0
SpikeUp,192,256,BF60A377,0,1,1,4294967295,0,0
SpikeDown,208,256,9BC5A8E5,0,1,1,4294967295,0,0
MiniSpikeLeft,328,400,2045F90C,0,1,1,4294967295,0,0
MiniSpikeRight,408,400,C947A3F7,0,1,1,4294967295,0,0
MiniSpikeDown,272,304,473F5C45,0,1,1,4294967295,0,0
MiniSpikeLeft,288,304,25FCEF01,0,1,1,4294967295,0,0
SpikeLeft,368,304,52283834,0,1,1,4294967295,0,0
SpikeRight,432,304,E56F0C53,0,1,1,4294967295,0,0
SpikeLeft,240,304,970ADCDF,0,1,1,4294967295,0,0
SpikeRight,304,304,1DF40B25,0,1,1,4294967295,0,0
MiniSpikeLeft,640,128,40E67555,0,1,1,4294967295,0,0
MiniSpikeRight,656,128,FE218A7D,0,1,1,4294967295,0,0
MiniSpikeDown,112,128,EE3AA157,0,1,1,4294967295,0,0
MiniSpikeDown,128,128,2646C8C5,0,1,1,4294967295,0,0
SpikeLeft,352,128,85A719DF,0,1,1,4294967295,0,0
SpikeRight,416,128,D0702FB2,0,1,1,4294967295,0,0
SpikeLeft,528,128,CAFC45C3,0,1,1,4294967295,0,0
SpikeRight,560,128,EFE726BD,0,1,1,4294967295,0,0
SpikeDown,720,128,196938C3,0,1,1,4294967295,0,0
SpikeLeft,352,160,22FF9FE7,0,1,1,4294967295,0,0
SpikeRight,416,160,EAB70FEA,0,1,1,4294967295,0,0
SpikeRight,96,192,7D7FC954,0,1,1,4294967295,0,0
SpikeLeft,128,192,F860F227,0,1,1,4294967295,0,0
SpikeUp,672,192,20BDD72C,0,1,1,4294967295,0,0
SpikeUp,560,192,3CE56155,0,1,1,4294967295,0,0
SpikeUp,496,192,DE01B91A,0,1,1,4294967295,0,0
MiniSpikeLeft,208,192,5DE664C1,0,1,1,4294967295,0,0
MiniSpikeDown,272,192,D17B85FC,0,1,1,4294967295,0,0
MiniSpikeUp,264,192,CF189AB1,0,1,1,4294967295,0,0
MiniSpikeLeft,656,512,777E75DD,0,1,1,4294967295,0,0
SpikeLeft,144,512,C22C874B,0,1,1,4294967295,0,0
SpikeLeft,224,512,F2847A2B,0,1,1,4294967295,0,0
SpikeLeft,336,512,E2E6E42C,0,1,1,4294967295,0,0
SpikeRight,256,512,C706EBC1,0,1,1,4294967295,0,0
SpikeRight,400,512,E4977F20,0,1,1,4294967295,0,0
SpikeLeft,560,112,EBB420B9,0,1,1,4294967295,0,0
MiniSpikeLeft,48,112,251F87E6,0,1,1,4294967295,0,0
MiniSpikeRight,192,112,C5AA7376,0,1,1,4294967295,0,0
MiniSpikeLeft,144,112,9DC70EAC,0,1,1,4294967295,0,0
MiniSpikeRight,96,112,B986702D,0,1,1,4294967295,0,0
MiniSpikeLeft,272,112,2856A6E2,0,1,1,4294967295,0,0
MiniSpikeRight,288,112,1EC404B7,0,1,1,4294967295,0,0
MiniSpikeLeft,640,144,E93D22F1,0,1,1,4294967295,0,0
SpikeLeft,320,144,44F0AB3C,0,1,1,4294967295,0,0
SpikeRight,352,144,F98662E4,0,1,1,4294967295,0,0
SpikeRight,448,144,3B80CEC8,0,1,1,4294967295,0,0
SpikeLeft,416,144,2583B4F0,0,1,1,4294967295,0,0
SpikeLeft,560,144,1B9995F3,0,1,1,4294967295,0,0
SpikeRight,624,144,AA9FD585,0,1,1,4294967295,0,0
MiniSpikeRight,656,144,2A878218,0,1,1,4294967295,0,0
SpikeDown,704,240,BC897B7D,0,1,1,4294967295,0,0
MiniSpikeDown,248,240,65A565EA,0,1,1,4294967295,0,0
MiniSpikeUp,240,240,8C88083D,0,1,1,4294967295,0,0
MiniSpikeLeft,464,240,E3F1878F,0,1,1,4294967295,0,0
SpikeRight,480,240,6CE4391E,0,1,1,4294967295,0,0
SpikeLeft,512,240,01D6D9C3,0,1,1,4294967295,0,0
SpikeRight,544,240,2D7EE037,0,1,1,4294967295,0,0
MiniSpikeLeft,544,352,D5A35632,0,1,1,4294967295,0,0
SpikeRight,656,352,00929C3E,0,1,1,4294967295,0,0
SpikeRight,560,352,B88E009B,0,1,1,4294967295,0,0
SpikeDown,112,384,31956EB3,0,1,1,4294967295,0,0
SpikeDown,144,384,39F12FBD,0,1,1,4294967295,0,0
MiniSpikeDown,176,384,B7955F36,0,1,1,4294967295,0,0
MiniSpikeDown,96,384,BAAC80D8,0,1,1,4294967295,0,0
SpikeUp,128,384,B7166E90,0,1,1,4294967295,0,0
MiniSpikeUp,256,384,FFEE75C8,0,1,1,4294967295,0,0
MiniSpikeLeft,656,496,BED50A05,0,1,1,4294967295,0,0
SpikeLeft,256,496,1FAC523B,0,1,1,4294967295,0,0
SpikeUp,480,416,C141D990,0,1,1,4294967295,0,0
SpikeUp,192,416,BFE96F96,0,1,1,4294967295,0,0
SpikeDown,128,416,918230B9,0,1,1,4294967295,0,0
MiniSpikeRight,272,416,879B13BE,0,1,1,4294967295,0,0
SpikeUp,48,448,C2AD6549,0,1,1,4294967295,0,0
SpikeDown,480,448,EB234892,0,1,1,4294967295,0,0
SpikeUp,448,448,FFC070F4,0,1,1,4294967295,0,0
SpikeDown,480,96,7C2295D9,0,1,1,4294967295,0,0
SpikeDown,704,96,2A96D510,0,1,1,4294967295,0,0
SpikeDown,736,96,6A4621A3,0,1,1,4294967295,0,0
SpikeUp,720,96,C6FC365B,0,1,1,4294967295,0,0
MiniSpikeLeft,48,96,2F9A4E49,0,1,1,4294967295,0,0
MiniSpikeRight,192,96,CCBDE440,0,1,1,4294967295,0,0
MiniSpikeRight,96,96,0F905DD9,0,1,1,4294967295,0,0
MiniSpikeLeft,144,96,1447EB43,0,1,1,4294967295,0,0
SpikeLeft,256,528,48A80809,0,1,1,4294967295,0,0
MiniSpikeLeft,504,528,8A9D3FE4,0,1,1,4294967295,0,0
MiniSpikeRight,536,528,42E9A5B0,0,1,1,4294967295,0,0
MiniSpikeLeft,504,592,3858E2F6,0,1,1,4294967295,0,0
MiniSpikeRight,536,592,8BB2218D,0,1,1,4294967295,0,0
MiniSpikeRight,736,560,A8F56BD9,0,1,1,4294967295,0,0
MiniSpikeLeft,272,560,27A864FE,0,1,1,4294967295,0,0
MiniSpikeRight,504,560,C17F8C7D,0,1,1,4294967295,0,0
MiniSpikeLeft,536,560,00D96C74,0,1,1,4294967295,0,0
MiniSpikeLeft,416,560,68B9FCDF,0,1,1,4294967295,0,0
MiniSpikeRight,448,560,A5D45DB0,0,1,1,4294967295,0,0
genericRainbow,320,192,B4B63F3E,0,1,1,4294967295,0,0
Block,768,256,5D5027B7,0,1,1,4294967295,0,0
Block,256,32,CA60E1E5,0,1,1,4294967295,0,0
Block,224,32,6D968F68,0,1,1,4294967295,0,0
Block,768,32,41029482,0,1,1,4294967295,0,0
Block,0,32,ECA5EA62,0,1,1,4294967295,0,0
Block,192,32,72A57915,0,1,1,4294967295,0,0
Block,704,32,7A9C700A,0,1,1,4294967295,0,0
BlockMini,448,288,4463D206,0,1,1,4294967295,0,0
Block,0,288,8E000C11,0,1,1,4294967295,0,0
Block,768,224,7D4715DF,0,1,1,4294967295,0,0
Block,0,224,74B638CA,0,1,1,4294967295,0,0
Block,336,224,A1B8256C,0,1,1,4294967295,0,0
Block,672,224,9258AE15,0,1,1,4294967295,0,0
Block,736,224,B470682B,0,1,1,4294967295,0,0
Block,704,544,AF2019C2,0,1,1,4294967295,0,0
Block,288,544,F3302E0C,0,1,1,4294967295,0,0
Block,96,544,A88ADEA7,0,1,1,4294967295,0,0
Block,64,544,1A1B794C,0,1,1,4294967295,0,0
Block,128,544,5EFF93DC,0,1,1,4294967295,0,0
Block,0,544,AEC9B4C8,0,1,1,4294967295,0,0
Block,128,576,518AB6DE,0,1,1,4294967295,0,0
Block,288,576,0CA0A7FC,0,1,1,4294967295,0,0
Block,256,576,258FC3B6,0,1,1,4294967295,0,0
Block,224,576,CCFD619E,0,1,1,4294967295,0,0
Block,0,576,9D534D74,0,1,1,4294967295,0,0
Block,32,576,BC17FF32,0,1,1,4294967295,0,0
Block,64,576,DB1101D0,0,1,1,4294967295,0,0
Block,256,0,12B714F5,0,1,1,4294967295,0,0
Block,224,0,AE247427,0,1,1,4294967295,0,0
Block,768,0,F703C85E,0,1,1,4294967295,0,0
Block,736,0,731B82BC,0,1,1,4294967295,0,0
Block,704,0,1BBE2EAE,0,1,1,4294967295,0,0
Block,672,0,C3332B85,0,1,1,4294967295,0,0
Block,640,0,6197EBFB,0,1,1,4294967295,0,0
Block,608,0,221C565D,0,1,1,4294967295,0,0
Block,576,0,FD3A58B5,0,1,1,4294967295,0,0
Block,544,0,8FAF3DE0,0,1,1,4294967295,0,0
Block,512,0,5596A32D,0,1,1,4294967295,0,0
Block,448,0,4F978CDB,0,1,1,4294967295,0,0
Block,416,0,92EDFC8F,0,1,1,4294967295,0,0
Block,384,0,A209816B,0,1,1,4294967295,0,0
Block,352,0,BA3FC335,0,1,1,4294967295,0,0
Block,320,0,8F474C0E,0,1,1,4294967295,0,0
Block,288,0,812BCACE,0,1,1,4294967295,0,0
Block,0,0,009BCC0C,0,1,1,4294967295,0,0
Block,32,0,2A8F61BA,0,1,1,4294967295,0,0
Block,64,0,97DC7D70,0,1,1,4294967295,0,0
Block,96,0,15F4D6AC,0,1,1,4294967295,0,0
Block,128,0,E904CBAC,0,1,1,4294967295,0,0
Block,160,0,2DD346A1,0,1,1,4294967295,0,0
Block,192,0,8F2C0FD0,0,1,1,4294967295,0,0
Block,224,64,35C9E86D,0,1,1,4294967295,0,0
Block,768,64,A1DB2DE3,0,1,1,4294967295,0,0
Block,0,64,CE547058,0,1,1,4294967295,0,0
Block,704,64,8C05F24B,0,1,1,4294967295,0,0
Block,736,64,AEC60CD0,0,1,1,4294967295,0,0
BlockMini,520,360,B9BB8840,0,1,1,4294967295,0,0
Block,288,480,C49C7267,0,1,1,4294967295,0,0
Block,0,480,05791005,0,1,1,4294967295,0,0
Block,128,320,C687A2FF,0,1,1,4294967295,0,0
Block,160,320,E5677301,0,1,1,4294967295,0,0
Block,0,320,BDD163C0,0,1,1,4294967295,0,0
Block,96,320,908220F1,0,1,1,4294967295,0,0
Block,0,256,BA56D01D,0,1,1,4294967295,0,0
Block,240,400,38C68C56,0,1,1,4294967295,0,0
Block,400,304,CED99DCF,0,1,1,4294967295,0,0
Block,768,128,17500405,0,1,1,4294967295,0,0
Block,0,128,300C0F08,0,1,1,4294967295,0,0
Block,224,128,D4A84334,0,1,1,4294967295,0,0
Block,384,128,C7F6100C,0,1,1,4294967295,0,0
Block,768,160,8F095BCA,0,1,1,4294967295,0,0
Block,0,160,D8FE0BB7,0,1,1,4294967295,0,0
Block,224,160,0E230F5F,0,1,1,4294967295,0,0
Block,256,160,7D3B2E67,0,1,1,4294967295,0,0
Block,384,160,10F8C2BA,0,1,1,4294967295,0,0
Block,768,192,C932468E,0,1,1,4294967295,0,0
Block,0,192,7930377F,0,1,1,4294967295,0,0
Block,32,192,0F07B03D,0,1,1,4294967295,0,0
Block,64,192,3260F002,0,1,1,4294967295,0,0
Block,160,192,E04A8728,0,1,1,4294967295,0,0
Block,224,192,D9123CFF,0,1,1,4294967295,0,0
Block,448,192,9588E212,0,1,1,4294967295,0,0
Block,288,512,8EDA89E2,0,1,1,4294967295,0,0
Block,176,512,E557169D,0,1,1,4294967295,0,0
Block,0,512,33E05D2B,0,1,1,4294967295,0,0
Block,32,512,CE6A94D6,0,1,1,4294967295,0,0
Block,64,512,ECC4ED4A,0,1,1,4294967295,0,0
Block,368,512,080A933C,0,1,1,4294967295,0,0
Block,592,112,BC08C411,0,1,1,4294967295,0,0
Block,592,144,02F9E9D4,0,1,1,4294967295,0,0
Block,624,240,44D4A8EF,0,1,1,4294967295,0,0
Block,96,352,61CF3093,0,1,1,4294967295,0,0
Block,128,352,C7DFC7B3,0,1,1,4294967295,0,0
Block,160,352,80FC6B91,0,1,1,4294967295,0,0
Block,0,352,00A52466,0,1,1,4294967295,0,0
Block,192,352,9F5393D5,0,1,1,4294967295,0,0
BlockMini,320,352,EABF89D2,0,1,1,4294967295,0,0
BlockMini,352,352,01DC4709,0,1,1,4294967295,0,0
BlockMini,384,352,79F9D537,0,1,1,4294967295,0,0
BlockMini,416,352,2C30B832,0,1,1,4294967295,0,0
Block,0,384,FB4A1A05,0,1,1,4294967295,0,0
BlockMini,320,384,159DFE67,0,1,1,4294967295,0,0
BlockMini,416,384,4898FD8E,0,1,1,4294967295,0,0
BlockMini,640,384,366E2E56,0,1,1,4294967295,0,0
BlockMini,608,384,FF1594A3,0,1,1,4294967295,0,0
BlockMini,576,384,E5D2943D,0,1,1,4294967295,0,0
Block,672,496,566FF886,0,1,1,4294967295,0,0
Block,0,416,8794E943,0,1,1,4294967295,0,0
BlockMini,320,416,0BEE0016,0,1,1,4294967295,0,0
BlockMini,416,416,81AF857A,0,1,1,4294967295,0,0
BlockMini,576,416,AF74F10F,0,1,1,4294967295,0,0
BlockMini,640,416,B1D76039,0,1,1,4294967295,0,0
BlockMini,672,416,97695149,0,1,1,4294967295,0,0
BlockMini,704,416,73C29D44,0,1,1,4294967295,0,0
BlockMini,736,416,8BD03ECA,0,1,1,4294967295,0,0
BlockMini,768,416,EC1A6FE0,0,1,1,4294967295,0,0
Block,0,448,477F773C,0,1,1,4294967295,0,0
Block,192,448,1B8A403D,0,1,1,4294967295,0,0
BlockMini,320,448,6685D179,0,1,1,4294967295,0,0
BlockMini,352,448,298F564B,0,1,1,4294967295,0,0
BlockMini,384,448,D3114E8E,0,1,1,4294967295,0,0
BlockMini,416,448,84C45231,0,1,1,4294967295,0,0
BlockMini,576,448,DAEAF854,0,1,1,4294967295,0,0
BlockMini,608,448,1326FB97,0,1,1,4294967295,0,0
BlockMini,640,448,522490E3,0,1,1,4294967295,0,0
BlockMini,736,448,700B0067,0,1,1,4294967295,0,0
BlockMini,768,448,D12CAEA1,0,1,1,4294967295,0,0
BlockMini,536,216,0C6B867C,0,1,1,4294967295,0,0
BlockMini,40,552,FAD641A0,0,1,1,4294967295,0,0
BlockMini,744,40,59470750,0,1,1,4294967295,0,0
Block,768,96,68AEEA8B,0,1,1,4294967295,0,0
Block,0,96,0D6CB3EB,0,1,1,4294967295,0,0
Block,224,96,2339010B,0,1,1,4294967295,0,0
Block,64,96,50208CE6,0,1,1,4294967295,0,0
Block,160,96,DAECBFCE,0,1,1,4294967295,0,0
Block,112,96,EAD39511,0,1,1,4294967295,0,0
BlockMini,520,528,8496800F,0,1,1,4294967295,0,0
BlockMini,520,592,41CB255E,0,1,1,4294967295,0,0
BlockMini,488,560,8264FD29,0,1,1,4294967295,0,0
BlockMini,552,560,0CE9E1A4,0,1,1,4294967295,0,0
BlockMini,432,560,E64C6586,0,1,1,4294967295,0,0
Warp,736,288,CF1DFE08,0,1,1,4294967295,0,1
PlayerStart,160,64,3CCE802E,0,1,1,4294967295,0,0
SaveVeryHard,368,480,98548094,0,1,1,4294967295,0,0
SaveVeryHard,288,448,40A14740,0,1,1,4294967295,0,0
SaveVeryHard,384,96,044787EE,0,1,1,4294967295,0,0
