SpikeCeleUp,128,448,53DE8C6C,0,1,1,4294967295,0,0
SpikeUp,160,448,187AB5A4,0,1,1,4294967295,0,0
SpikeUp,96,384,63B513BF,0,1,1,4294967295,0,0
SpikeUp,64,384,FE28AE2C,0,1,1,4294967295,0,0
SpikeRight,192,544,19C827CF,0,1,1,4294967295,0,0
SpikeDown,208,416,D52564D6,0,1,1,4294967295,0,0
SpikeRight,240,336,B38BDDE6,0,1,1,4294967295,0,0
SpikeCeleUp,176,304,51E3092B,0,1,1,4294967295,0,0
SpikeCeleUp,208,304,3C007486,0,1,1,4294967295,0,0
SpikeDown,240,256,897721D5,0,1,1,4294967295,0,0
SpikeLeft,208,224,BD1F569A,0,1,1,4294967295,0,0
SpikeUp,80,352,C837A1EC,0,1,1,4294967295,0,0
SpikeCeleUp,0,384,FB4F047A,0,1,1,4294967295,0,0
SpikeCeleUp,32,384,25F3AD03,0,1,1,4294967295,0,0
SpikeCeleUp,32,256,990417D4,0,1,1,4294967295,0,0
SpikeDown,0,304,2B054004,0,1,1,4294967295,0,0
SpikeRight,80,288,253EC3C6,0,1,1,4294967295,0,0
SpikeUp,96,240,6317A5D0,0,1,1,4294967295,0,0
SpikeUp,0,256,E54A92D9,0,1,1,4294967295,0,0
SpikeCeleUp,0,160,4BC296E2,0,1,1,4294967295,0,0
SpikeUp,32,160,86F11167,0,1,1,4294967295,0,0
SpikeLeft,48,80,4AAFFC09,0,1,1,4294967295,0,0
SpikeUp,64,160,27D0965C,0,1,1,4294967295,0,0
SpikeUp,112,48,3C35C74B,0,1,1,4294967295,0,0
SpikeDown,112,144,2F3B85AF,0,1,1,4294967295,0,0
SpikeCeleUp,240,160,808B0D2D,0,1,1,4294967295,0,0
SpikeLeft,208,80,8AA263AE,0,1,1,4294967295,0,0
SpikeUp,240,48,F2CD62D3,0,1,1,4294967295,0,0
SpikeDown,272,0,BCABC419,0,1,1,4294967295,0,0
SpikeDown,336,288,5F16B078,0,1,1,4294967295,0,0
SpikeDown,352,64,E260F4B2,0,1,1,4294967295,0,0
SpikeUp,320,112,2B06DF9A,0,1,1,4294967295,0,0
SpikeUp,336,224,2B9BBE63,0,1,1,4294967295,0,0
SpikeLeft,384,128,27D2A691,0,1,1,4294967295,0,0
SpikeDown,176,0,7138D70D,0,1,1,4294967295,0,0
SpikeCeleUp,304,224,A06D7703,0,1,1,4294967295,0,0
SpikeRight,368,256,AE67009F,0,1,1,4294967295,0,0
SpikeDown,528,64,DA62B375,0,1,1,4294967295,0,0
SpikeUp,528,144,1E471058,0,1,1,4294967295,0,0
SpikeDown,384,16,A3A38B76,0,1,1,4294967295,0,0
SpikeDown,416,224,5690E8E7,0,1,1,4294967295,0,0
SpikeDown,480,240,59F740C6,0,1,1,4294967295,0,0
SpikeUp,416,320,F943340A,0,1,1,4294967295,0,0
SpikeUp,400,352,E9740C08,0,1,1,4294967295,0,0
SpikeCeleUp,448,48,1191BE73,0,1,1,4294967295,0,0
SpikeLeft,464,0,46EBAE28,0,1,1,4294967295,0,0
SpikeLeft,480,192,EA02EF9D,0,1,1,4294967295,0,0
SpikeRight,512,208,69B1DFBF,0,1,1,4294967295,0,0
SpikeRight,448,368,2F456A0B,0,1,1,4294967295,0,0
SpikeUp,496,272,FA959B50,0,1,1,4294967295,0,0
SpikeDown,448,400,7817A220,0,1,1,4294967295,0,0
SpikeRight,544,416,006E4865,0,1,1,4294967295,0,0
SpikeUp,592,384,A6CBE975,0,1,1,4294967295,0,0
SpikeCeleUp,751,398,D1F5843C,0,1,1,4294967295,270,0
SpikeRight,672,480,BAA8B801,0,1,1,4294967295,0,0
SpikeLeft,656,400,DE5F5007,0,1,1,4294967295,0,0
SpikeCeleUp,736,304,C1F7F892,0,1,1,4294967295,0,0
SpikeCeleUp,768,304,87C0DB75,0,1,1,4294967295,0,0
SpikeDown,768,432,9E71D3E2,0,1,1,4294967295,0,0
SpikeLeft,704,240,73D54554,0,1,1,4294967295,0,0
SpikeRight,736,208,C49BE2F0,0,1,1,4294967295,0,0
SpikeRight,672,128,5BE0E43A,0,1,1,4294967295,0,0
SpikeLeft,688,64,FBCBD85C,0,1,1,4294967295,0,0
SpikeUp,640,96,311797EA,0,1,1,4294967295,0,0
SpikeDown,720,96,25AE72D2,0,1,1,4294967295,0,0
SpikeDown,560,272,FE96D76B,0,1,1,4294967295,0,0
SpikeLeft,592,256,B7DE4E47,0,1,1,4294967295,0,0
SpikeUp,608,288,DBD18901,0,1,1,4294967295,0,0
SpikeRight,576,304,EE701EB2,0,1,1,4294967295,0,0
SpikeUp,608,96,D7F40C3C,0,1,1,4294967295,0,0
SpikeDown,608,16,E2DA95C1,0,1,1,4294967295,0,0
SpikeUp,704,304,33B2ABA3,0,1,1,4294967295,0,0
SpikeCeleUp,512,352,3080D114,0,1,1,4294967295,0,0
SpikeUp,560,128,74C3172C,0,1,1,4294967295,0,0
SpikeCeleUp,112,544,E71A669B,0,1,1,4294967295,270,0
Block,0,576,94BB9856,0,1,1,4294967295,0,0
Block,32,576,4C6BFE11,0,1,1,4294967295,0,0
Block,0,544,29A9DD2A,0,1,1,4294967295,0,0
Block,0,512,6AD13140,0,1,1,4294967295,0,0
Block,96,480,CCD496E6,0,1,1,4294967295,0,0
Block,96,448,B3FD1AEC,0,1,1,4294967295,0,0
Block,160,480,63E36952,0,1,1,4294967295,0,0
Block,96,416,11474969,0,1,1,4294967295,0,0
Block,64,416,0E8DD724,0,1,1,4294967295,0,0
Block,32,416,0EC96DB0,0,1,1,4294967295,0,0
Block,160,512,6090D0BB,0,1,1,4294967295,0,0
Block,160,544,EFB6275B,0,1,1,4294967295,0,0
Block,208,336,ECC10065,0,1,1.5,4294967295,0,0
Block,208,384,3BBFD92A,0,1,1,4294967295,0,0
Block,176,336,78B315BB,0,1,1.5,4294967295,0,0
Block,320,352,F7F7DAAE,0,1,1,4294967295,0,0
Block,320,384,59099774,0,1,1,4294967295,0,0
Block,352,352,EFA29C4B,0,0.5,3.5,4294967295,0,0
Block,144,336,77039075,0,1,1,4294967295,0,0
Block,240,224,85626CD3,0,1,1,4294967295,0,0
Block,272,224,AFEE7F9B,0,1,1,4294967295,0,0
Block,272,256,2EC32794,0,1,1,4294967295,0,0
Block,304,256,F81EB5DB,0,1,1,4294967295,0,0
Block,240,192,058177B4,0,1,1,4294967295,0,0
Block,272,192,5DD18F8F,0,1,1,4294967295,0,0
Block,160,224,2F052380,0,1,1,4294967295,0,0
Block,144,224,218F6B47,0,0.5,3.5,4294967295,0,0
Block,0,416,4105D5E9,0,1,1,4294967295,0,0
Block,0,448,B1CB48EA,0,1,1,4294967295,0,0
Block,0,480,BD8BFC0E,0,1,1,4294967295,0,0
Block,64,240,1E54825B,0,0.5,2.5,4294967295,0,0
Block,0,288,60CF0C5E,0,1,0.5,4294967295,0,0
Block,64,208,9B802786,0,1,1,4294967295,0,0
Block,80,240,884AAFA1,0,0.5,1.5,4294967295,0,0
Block,96,272,BFEBA814,0,1,0.5,4294967295,0,0
Block,32,192,AE904F4A,0,2,0.5,4294967295,0,0
Block,0,0,DA5CB1DC,0,1,3.5,4294967295,0,0
Block,80,80,850C876C,0,1,1,4294967295,0,0
Block,112,80,86675434,0,1,1,4294967295,0,0
Block,112,112,6733C6F8,0,1,1,4294967295,0,0
Block,240,80,EB5F77BC,0,1,1,4294967295,0,0
Block,272,80,E2015A3F,0,1,3.5,4294967295,0,0
Block,336,256,7CF75639,0,1,1,4294967295,0,0
Block,352,32,06C5E384,0,1,1,4294967295,0,0
Block,320,144,503CC6A7,0,1,0.5,4294967295,0,0
Block,352,64,94DADF6E,0,0.5,3,4294967295,0,0
Block,416,128,299D6A4B,0,1,1,4294967295,0,0
Block,416,160,E542CD3B,0,1,1,4294967295,0,0
Block,416,192,A125278B,0,1,1,4294967295,0,0
Block,448,80,3A786FC6,0,1,2.5,4294967295,0,0
Block,496,0,7EDF8E57,0,1,1,4294967295,0,0
Block,528,0,B999AA76,0,1,1,4294967295,0,0
Block,528,32,5D2080F9,0,1,1,4294967295,0,0
Block,528,176,F8D318EA,0,1,1,4294967295,0,0
Block,352,0,175D8620,0,1,1,4294967295,0,0
Block,384,0,470ABAF2,0,1,0.5,4294967295,0,0
Block,560,0,3E426364,0,0.5,6.5,4294967295,0,0
Block,480,208,88159DF2,0,1,1,4294967295,0,0
Block,416,352,25B8ADED,0,1,1,4294967295,0,0
Block,400,384,8F08C27C,0,1.5,0.5,4294967295,0,0
Block,352,464,08DE2791,0,1.5,2,4294967295,0,0
Block,448,384,2686AD25,0,1,0.5,4294967295,0,0
Block,496,304,9FF76D49,0,0.5,1.5,4294967295,0,0
Block,512,304,1F83F396,0,0.5,1.5,4294967295,0,0
Block,512,416,0062C072,0,1,1,4294967295,0,0
Block,512,384,4FDA8E50,0,1,1,4294967295,0,0
Block,592,416,7018734F,0,1,1,4294967295,0,0
Block,592,448,B2AD98CB,0,1,1,4294967295,0,0
Block,592,480,4C0AE343,0,1,1,4294967295,0,0
Block,688,384,CD06C2A3,0,0.5,1.5,4294967295,0,0
Block,704,368,8EE2333F,0,0.5,2,4294967295,0,0
Block,704,336,43DFF4FB,0,1,1,4294967295,0,0
Block,656,480,D7B2B43F,0,0.5,1,4294967295,0,0
Block,592,512,34AD076D,0,2.5,0.5,4294967295,0,0
Block,656,416,2D1F716F,0,1,0.5,4294967295,0,0
Block,768,336,D4C2D190,0,1,3,4294967295,0,0
Block,640,192,3AAD426C,0,2,1,4294967295,0,0
Block,640,128,2FB5C345,0,1,2,4294967295,0,0
Block,608,128,08032C44,0,1,1,4294967295,0,0
Block,720,0,A2838151,0,2.5,3,4294967295,0,0
Block,576,160,91AB3A72,0,2,1.5,4294967295,0,0
Block,608,-16,0785F154,0,1,1,4294967295,0,0
stc_DCVisuals,96,160,AFD579C8,0,1,1,4294967295,0,0
VineLeft,160,480,FCD887CD,0,1,1,4294967295,0,0
VineLeft,208,368,183018A6,0,1,1,4294967295,0,0
VineLeft,160,512,DA92ECDF,0,1,1,4294967295,0,0
VineRight,416,192,919A3549,0,1,1,4294967295,0,0
VineLeft,688,400,7484DF26,0,1,1,4294967295,0,0
PlayerStart,32,544,9664081B,0,1,1,4294967295,0,0
SaveVeryHard,32,544,751928D9,0,1,1,4294967295,0,0
PlatformNosnap,128,480,A1965E5E,0,1,2,4294967295,0,0
PlatformNosnap,240,368,7FBACB3E,0,0.5,1,4294967295,0,0
PlatformNosnap,64,480,9976B491,0,1,1,4294967295,0,0
Sign,64,448,38FBA995,0,1,1,4294967295,0,1
PlatformNosnap,32,288,BAA056B4,0,1,1,4294967295,0,0
PlatformNosnap,0,192,478CC182,0,1,1,4294967295,0,0
SaveVeryHard,144,192,988E04B3,0,1,1,4294967295,0,0
Cherry,368,336,02E2F5AF,0,1,1,4294967295,0,0
Cherry,416,272,19BFF415,0,1,1,4294967295,0,0
SaveVeryHard,416,96,75C38751,0,1,1,4294967295,0,0
Cherry,496,368,2648747B,0,1,1,4294967295,0,0
PlatformNosnap,544,448,A43CC2A9,0,1,1,4294967295,0,0
Cherry,656,352,95ED7695,0,1,1,4294967295,0,0
PlatformNosnap,736,336,1C062D9B,0,1,1,4294967295,0,0
Item,736,352,DB967D7E,0,1,1,4294967295,0,1
Warp,576,0,47BEF6D6,0,1,1,4294967295,0,0
SaveVeryHard,624,480,08CAD472,0,1,1,4294967295,0,0
Water,64,320,833B2AE0,0,0.5,3,4294967295,0,0
Water,368,144,76B9D6F9,0,1.5,0.5,4294967295,0,0
WaterRefreshing,544,64,543794D5,0,0.5,3.5,4294967295,0,0
WaterRefreshing,736,224,64A523A0,0,1,1.5,4294967295,0,0
