SpikeUp,688,472,497539DF,0,1,1,4294967295,0,0
SpikeLeft,704,424,23543D04,0,1,1,4294967295,0,0
SpikeUp,768,472,0428C2C2,0,1,1,4294967295,0,0
SpikeUp,752,504,9746324C,0,1,1,4294967295,0,0
SpikeRight,768,392,6A8EE469,0,1,1,4294967295,0,0
SpikeRight,672,376,36B2F7B5,0,1,1,4294967295,0,0
SpikeLeft,640,424,2F88D032,0,1,1,4294967295,0,0
SpikeCeleUp,608,408,369BF4D6,0,1,1,4294967295,0,0
SpikeCeleUp,576,424,3CE9BC64,0,1,1,4294967295,0,0
SpikeCeleUp,576,408,EA099413,0,1,1,4294967295,0,0
SpikeUp,592,472,9E966D1E,0,1,1,4294967295,0,0
SpikeRight,624,504,39C27305,0,1,1,4294967295,0,0
SpikeLeft,576,336,848DB4B8,0,1,1,4294967295,0,0
MiniSpikeUp,656,360,71B91EEA,0,1,1,4294967295,0,0
SpikeUp,480,288,6EB1FD28,0,1,1,4294967295,0,0
SpikeUp,528,352,B077826A,0,1,1,4294967295,0,0
SpikeDown,528,464,47A0A05C,0,1,1,4294967295,0,0
SpikeCeleUp,448,336,1CA30E23,0,1,1,4294967295,0,0
SpikeUp,416,320,07676D15,0,1,1,4294967295,0,0
SpikeRight,400,256,C846255F,0,1,1,4294967295,0,0
SpikeRight,384,336,79695B07,0,1,1,4294967295,0,0
SpikeLeft,352,368,A2BE2FA5,0,1,1,4294967295,0,0
SpikeRight,608,336,D8E455EC,0,1,1,4294967295,0,0
SpikeUp,560,520,485DE1B8,0,1,1,4294967295,0,0
SpikeUp,576,304,D4F6DA78,0,1,1,4294967295,0,0
SpikeUp,624,304,BE369038,0,1,1,4294967295,0,0
MiniSpikeUp,608,320,94929114,0,1,1,4294967295,0,0
SpikeDown,320,304,7C14C78F,0,1,1,4294967295,0,0
SpikeUp,320,272,4D311FB5,0,1,1,4294967295,0,0
SpikeLeft,352,448,150509EC,0,1,1,4294967295,0,0
SpikeRight,448,464,2A7178FF,0,1,1,4294967295,0,0
SpikeRight,352,464,244FDE1E,0,1,1,4294967295,0,0
SpikeDown,400,432,3FBFB749,0,1,1,4294967295,0,0
SpikeUp,400,544,7F2B0C15,0,1,1,4294967295,0,0
SpikeDown,320,496,87E9C9C4,0,1,1,4294967295,0,0
SpikeLeft,288,464,747AE500,0,1,1,4294967295,0,0
SpikeRight,288,448,72A3047A,0,1,1,4294967295,0,0
SpikeUp,256,320,7A87EC9E,0,1,1,4294967295,0,0
SpikeUp,240,288,F009E74B,0,1,1,4294967295,0,0
SpikeUp,224,320,16A9A2E5,0,1,1,4294967295,0,0
SpikeRight,320,576,4EE4E3C3,0,1,1,4294967295,0,0
SpikeCeleUp,223,432,3656AFC5,0,1,1,4294967295,270,0
SpikeLeft,192,464,0A23802F,0,1,1,4294967295,0,0
SpikeRight,160,400,3965E3BB,0,1,1,4294967295,0,0
SpikeLeft,160,384,032FF1A4,0,1,1,4294967295,0,0
SpikeRight,160,320,219EB2B5,0,1,1,4294967295,0,0
SpikeUp,128,288,0DC614AE,0,1,1,4294967295,0,0
SpikeLeft,96,320,E659890A,0,1,1,4294967295,0,0
SpikeCeleUp,128,400,7E245704,0,1,1,4294967295,0,0
MiniSpikeDown,128,464,030540A0,0,1,1,4294967295,0,0
MiniSpikeDown,144,528,4189EE86,0,1,1,4294967295,0,0
SpikeRight,96,336,DAFDF547,0,1,1,4294967295,0,0
SpikeRight,48,384,681F367A,0,1,1,4294967295,0,0
MiniSpikeUp,32,368,DC84F939,0,1,1,4294967295,0,0
SpikeUp,-16,384,0E9E960F,0,1,1,4294967295,0,0
SpikeDown,32,288,1284F7CB,0,1,1,4294967295,0,0
SpikeUp,32,256,F57A57D3,0,1,1,4294967295,0,0
SpikeCeleUp,0,256,C4045379,0,1,1,4294967295,0,0
SpikeCeleUp,175,208,24C3B08C,0,1,1,4294967295,270,0
SpikeLeft,80,176,428B7F36,0,1,1,4294967295,0,0
SpikeUp,112,144,1CE6D638,0,1,1,4294967295,0,0
SpikeDown,80,96,991545D4,0,1,1,4294967295,0,0
SpikeRight,112,64,35F7312E,0,1,1,4294967295,0,0
SpikeUp,0,80,8B8AD74D,0,1,1,4294967295,0,0
SpikeUp,160,256,18814CB1,0,1,1,4294967295,0,0
MiniSpikeUp,144,272,483DD3F8,0,1,1,4294967295,0,0
SpikeUp,192,144,1C1C7612,0,1,1,4294967295,0,0
SpikeUp,224,48,7DF889B6,0,1,1,4294967295,0,0
SpikeLeft,256,0,8D637354,0,1,1,4294967295,0,0
SpikeUp,272,80,F28C7A05,0,1,1,4294967295,0,0
SpikeDown,272,112,9F7585F4,0,1,1,4294967295,0,0
SpikeRight,336,112,D6F47C17,0,1,1,4294967295,0,0
MiniSpikeUp,304,208,2BFD1409,0,1,1,4294967295,0,0
SpikeUp,368,192,0162806F,0,1,1,4294967295,0,0
SpikeUp,400,128,64755CB5,0,1,1,4294967295,0,0
SpikeLeft,400,64,E1F4540E,0,1,1,4294967295,0,0
SpikeLeft,432,80,181DB308,0,1,1,4294967295,0,0
SpikeLeft,432,48,DF965937,0,1,1,4294967295,0,0
SpikeDown,464,112,AE551A54,0,1,1,4294967295,0,0
SpikeDown,32,176,63470C2E,0,1,1,4294967295,0,0
SpikeDown,0,176,A8BF9F87,0,1,1,4294967295,0,0
SpikeLeft,32,32,209FAAF3,0,1,1,4294967295,0,0
SpikeUp,288,544,A5BD986C,0,1,1,4294967295,0,0
SpikeUp,736,360,E3DDEADD,0,1,1,4294967295,0,0
SpikeUp,464,16,1C4A8556,0,1,1,4294967295,0,0
Block,688,504,B1DC5326,0,1,1,4294967295,0,0
Block,688,536,0A48D3A0,0,1,0.5,4294967295,0,0
Block,720,536,8348FED6,0,2.5,0.5,4294967295,0,0
Block,768,504,956195CA,0,1,1,4294967295,0,0
Block,736,424,34530B41,0,0.5,1,4294967295,0,0
Block,736,392,786E237B,0,1,1,4294967295,0,0
Block,640,376,4D4280F7,0,1,1,4294967295,0,0
Block,640,408,EEF03B7E,0,1,1,4294967295,0,0
Block,592,504,1A852049,0,1,1,4294967295,0,0
Block,480,352,3F5A1037,0,1,1,4294967295,0,0
Block,640,336,91841BB6,0,0.5,1.25,4294967295,0,0
Block,480,320,E85EB56A,0,1,1,4294967295,0,0
Block,528,384,03B5C6D1,0,1,1,4294967295,0,0
Block,528,416,007ECA8D,0,1,1.5,4294967295,0,0
Block,416,352,A26E5AAA,0,1,1,4294967295,0,0
Block,416,384,BB6B15D5,0,1,0.5,4294967295,0,0
Block,368,256,D3ECBF67,0,1,1,4294967295,0,0
Block,368,224,9BB3C3E6,0,1,1,4294967295,0,0
Block,400,224,A0ADEDA8,0,1,1.5,4294967295,0,0
Block,576,336,25F80594,0,2,0.5,4294967295,0,0
Block,560,552,A1047D38,0,1,1,4294967295,0,0
Block,592,536,899F53CE,0,0.5,1.5,4294967295,0,0
Block,384,368,771307B4,0,1,1,4294967295,0,0
Block,432,400,29FF469B,0,0.5,3,4294967295,0,0
Block,400,400,BB781B36,0,1,1,4294967295,0,0
Block,400,576,A39316B0,0,1,1,4294967295,0,0
Block,256,416,48F458AD,0,1,1,4294967295,0,0
Block,256,384,D7BFADAA,0,1,1,4294967295,0,0
Block,256,352,64EF2B97,0,1,1,4294967295,0,0
Block,224,352,1617E2C6,0,1,1,4294967295,0,0
Block,240,528,C56F20E7,0,1,1,4294967295,0,0
Block,224,384,5426113A,0,1,2,4294967295,0,0
Block,192,480,E0C4C54D,0,1,1,4294967295,0,0
Block,192,512,1D936D22,0,1,1,4294967295,0,0
Block,128,432,CE3ACF51,0,1,1,4294967295,0,0
Block,128,320,C1D5BDCD,0,1,1,4294967295,0,0
Block,144,464,657DFD4B,0,0.5,2,4294967295,0,0
Block,144,288,F54CA12B,0,0.5,1,4294967295,0,0
Block,160,288,1E12B27A,0,1,1.5,4294967295,0,0
Block,32,384,5C967E55,0,0.5,1,4294967295,0,0
Block,-16,416,3796519D,0,1,1,4294967295,0,0
Block,112,176,A6241627,0,1,1,4294967295,0,0
Block,32,144,D1E73299,0,1,1,4294967295,0,0
Block,0,144,DAFB0E6A,0,1,1,4294967295,0,0
Block,0,112,C235F470,0,1,1,4294967295,0,0
Block,80,64,242FF760,0,1,1,4294967295,0,0
Block,80,32,68DA7E64,0,1,1,4294967295,0,0
Block,112,32,D6E72FB9,0,1,1.5,4294967295,0,0
Block,192,176,E62C0B08,0,1,1,4294967295,0,0
Block,192,208,CBB5CE4B,0,1,1,4294967295,0,0
Block,224,176,3806FE97,0,1,1,4294967295,0,0
Block,224,144,AA80AD4A,0,1,1,4294967295,0,0
Block,224,112,F618268B,0,1,1,4294967295,0,0
Block,224,80,FEB2D06E,0,1,1,4294967295,0,0
Block,288,0,9E576ED1,0,1,1,4294967295,0,0
Block,320,0,B2832E57,0,1,1,4294967295,0,0
Block,320,32,B96F67D1,0,1,1,4294967295,0,0
Block,320,64,10DDD332,0,0.5,2.5,4294967295,0,0
Block,304,224,A1087BCD,0,0.5,2.5,4294967295,0,0
Block,304,304,80494507,0,1,1,4294967295,0,0
Block,400,160,F6B51849,0,1,2,4294967295,0,0
Block,432,208,72312B87,0,1,0.5,4294967295,0,0
Block,464,48,6539E6D1,0,1,1,4294967295,0,0
Block,464,80,1BDB2A2B,0,1,1,4294967295,0,0
Block,512,176,F537D253,0,1,1,4294967295,0,0
Block,224,528,555E9CDD,0,0.5,0.5,4294967295,0,0
Block,64,32,7430973C,0,0.5,1,4294967295,0,0
Block,288,576,662285F9,0,1,1,4294967295,0,0
Block,576,0,3526C894,0,7,3,4294967295,0,0
Block,608,96,48A2CF41,0,6,1.5,4294967295,0,0
Block,640,144,7761AC28,0,5,2.5,4294967295,0,0
Block,688,224,4377778F,0,3.5,1,4294967295,0,0
stc_DCVisuals,16,16,52EB0D6E,0,1,1,4294967295,0,0
VineRight,528,432,1492B0D7,0,1,1,4294967295,0,0
VineRight,560,552,6AEFF589,0,1,1,4294967295,0,0
VineRight,400,576,F135FDC5,0,1,1,4294967295,0,0
VineRight,192,512,BF2FA235,0,1,1,4294967295,0,0
VineRight,128,432,80ECC1C8,0,1,1,4294967295,0,0
VineLeft,112,176,888DC219,0,1,1,4294967295,0,0
VineRight,320,112,CC22BF22,0,1,1,4294967295,0,0
VineLeft,288,224,F03B3F6C,0,1,1,4294967295,0,0
PlayerStart,720,504,E5DBFF57,0,1,1,4294967295,0,0
SaveVeryHard,720,504,28A73915,0,1,1,4294967295,0,0
PlatformNosnap,576,440,B6575A33,0,2,1,4294967295,0,0
Cherry,608,416,22123BA5,0,1,1,4294967295,0,0
Cherry,496,400,D27E1648,0,1,1,4294967295,0,0
PlatformNosnap,448,368,E3379524,0,1,1,4294967295,0,0
PlatformNosnap,352,400,CE37640D,0,1,3,4294967295,0,0
Cherry,448,512,125B22BE,0,1,1,4294967295,0,0
Cherry,464,544,109E001B,0,1,1,4294967295,0,0
Cherry,448,576,2833CAB3,0,1,1,4294967295,0,0
SaveVeryHard,240,496,B9B8B9FF,0,1,1,4294967295,0,0
PlatformNosnap,160,432,98D71404,0,1,2,4294967295,0,0
PlatformNosnap,144,352,D32F8277,0,0.5,4,4294967295,0,0
Cherry,208,288,556092C3,0,1,1,4294967295,0,0
Cherry,32,432,9BF8D63B,0,1,1,4294967295,0,0
PlatformNosnap,0,288,F8839F86,0,1,1,4294967295,0,0
PlatformNosnap,128,208,4BDFAD65,0,0.5,2,4294967295,0,0
Cherry,160,80,D5A7222A,0,1,1,4294967295,0,0
PlatformNosnap,280,144,37F82981,0,0.5,3,4294967295,0,0
Cherry,464,192,87D3032B,0,1,1,4294967295,0,0
Warp,512,104,8606144C,0,1,1,4294967295,0,0
Water,200,544,F4D64190,0,0.5,2,4294967295,0,0
WaterRefreshing,0,384,4FEC0469,0,1,1,4294967295,0,0
