SpikeUp,288,224,27A7A833,0,1,1,4294967295,0,0
SpikeRight,416,224,26A82C65,0,1,1,4294967295,0,0
SpikeRight,448,208,E3D8BF0D,0,1,1,4294967295,0,0
SpikeRight,416,192,C3BADBA6,0,1,1,4294967295,0,0
SpikeLeft,416,96,DA54D8C3,0,1,1,4294967295,0,0
SpikeLeft,448,112,C48A3A18,0,1,1,4294967295,0,0
SpikeLeft,448,80,FC5DEDD5,0,1,1,4294967295,0,0
SpikeUp,496,256,5185435F,0,1,1,4294967295,0,0
SpikeUp,512,288,D747A311,0,1,1,4294967295,0,0
SpikeUp,480,288,CDBEE54A,0,1,1,4294967295,0,0
SpikeRight,272,160,9E41F6A9,0,1,1,4294967295,0,0
SpikeLeft,208,160,3B1C0F64,0,1,1,4294967295,0,0
SpikeUp,240,128,43F10C50,0,1,1,4294967295,0,0
SpikeUp,240,232,5D72D563,0,1,1,4294967295,0,0
SpikeUp,192,224,52BB8AC7,0,1,1,4294967295,0,0
SpikeUp,112,144,108EA086,0,1,1,4294967295,0,0
SpikeDown,128,144,0B4AEB55,0,1,1,4294967295,0,0
MiniSpikeUp,160,208,75380ABC,0,1,1,4294967295,0,0
SpikeRight,136,64,EF62820B,0,1,1,4294967295,0,0
SpikeUp,48,192,8A6CAA32,0,1,1,4294967295,0,0
SpikeDown,112,256,3ED3A34B,0,1,1,4294967295,0,0
SpikeRight,80,288,478F7A32,0,1,1,4294967295,0,0
MiniSpikeRight,224,256,053BB081,0,1,1,4294967295,0,0
MiniSpikeLeft,272,256,5695174F,0,1,1,4294967295,0,0
MiniSpikeLeft,176,256,9C2BE4B2,0,1,1,4294967295,0,0
SpikeRight,80,384,034FA1F0,0,1,1,4294967295,0,0
SpikeLeft,48,288,733B3FAF,0,1,1,4294967295,0,0
SpikeLeft,48,384,F9BA605D,0,1,1,4294967295,0,0
SpikeDown,128,288,5C32618A,0,1,1,4294967295,0,0
SpikeDown,144,256,BCDA1F6D,0,1,1,4294967295,0,0
SpikeUp,128,368,6BA15073,0,1,1,4294967295,0,0
SpikeRight,160,400,9C250196,0,1,1,4294967295,0,0
SpikeLeft,96,400,999F1AC6,0,1,1,4294967295,0,0
SpikeLeft,176,464,F1B152C4,0,1,1,4294967295,0,0
KillerBlock,0,528,DDFCCA2F,0,25,2.5,4294967295,0,1
SpikeUp,160,480,F08DA3B0,0,1,1,4294967295,0,0
SpikeDown,224,464,481BB800,0,1,1,4294967295,0,0
SpikeRight,272,400,67A3A1F9,0,1,1,4294967295,0,0
SpikeUp,288,464,E3E4EA0F,0,1,1,4294967295,0,0
MiniSpikeLeft,256,400,C3882F3A,0,1,1,4294967295,0,0
MiniSpikeLeft,256,416,D685C4F7,0,1,1,4294967295,0,0
MiniSpikeDown,288,496,0466E595,0,1,1,4294967295,0,0
MiniSpikeDown,304,496,96A92CC9,0,1,1,4294967295,0,0
SpikeDown,336,448,1CD08D75,0,1,1,4294967295,0,0
SpikeUp,224,352,87C99FFE,0,1,1,4294967295,0,0
MiniSpikeDown,224,384,935DF125,0,1,1,4294967295,0,0
MiniSpikeDown,240,384,7C5F4968,0,1,1,4294967295,0,0
SpikeRight,304,384,15E264EC,0,1,1,4294967295,0,0
SpikeRight,352,368,72863315,0,1,1,4294967295,0,0
SpikeLeft,352,304,896D3530,0,1,1,4294967295,0,0
SpikeLeft,384,320,3A2C6132,0,1,1,4294967295,0,0
SpikeUp,208,320,15EA343E,0,1,1,4294967295,0,0
MiniSpikeUp,400,432,49B47DF9,0,1,1,4294967295,0,0
MiniSpikeDown,160,512,119AC7F6,0,1,1,4294967295,0,0
MiniSpikeDown,176,512,F96BCD1D,0,1,1,4294967295,0,0
SpikeDown,416,352,4320AE30,0,1,1,4294967295,0,0
SpikeDown,448,352,5619F7A7,0,1,1,4294967295,0,0
SpikeDown,432,384,D8E55125,0,1,1,4294967295,0,0
SpikeDown,352,480,2CE4F76E,0,1,1,4294967295,0,0
SpikeUp,432,464,62A7C389,0,1,1,4294967295,0,0
SpikeLeft,464,480,13655F20,0,1,1,4294967295,0,0
SpikeUp,496,416,66ACE13F,0,1,1,4294967295,0,0
SpikeDown,32,192,26C689DB,0,1,1,4294967295,0,0
SpikeRight,344,0,4CCB32E6,0,1,1,4294967295,0,0
SpikeUp,360,64,3557C50B,0,1,1,4294967295,0,0
SpikeUp,480,48,74132E24,0,1,1,4294967295,0,0
SpikeUp,512,48,04944E37,0,1,1,4294967295,0,0
SpikeDown,376,64,FE095093,0,1,1,4294967295,0,0
SpikeRight,312,16,2931CDB6,0,1,1,4294967295,0,0
MiniSpikeLeft,296,16,EBDE3EB1,0,1,1,4294967295,0,0
MiniSpikeLeft,296,32,7DAF2758,0,1,1,4294967295,0,0
SpikeLeft,136,48,11E721F1,0,1,1,4294967295,0,0
SpikeUp,640,448,5489983F,0,1,1,4294967295,0,0
SpikeLeft,608,384,CE8C79ED,0,1,1,4294967295,0,0
SpikeRight,672,384,2D06A044,0,1,1,4294967295,0,0
SpikeLeft,672,368,B64D9662,0,1,1,4294967295,0,0
SpikeRight,736,368,81B2EC34,0,1,1,4294967295,0,0
SpikeUp,640,352,1A423EA4,0,1,1,4294967295,0,0
SpikeDown,640,256,CAAED376,0,1,1,4294967295,0,0
SpikeRight,672,208,190C59B5,0,1,1,4294967295,0,0
SpikeUp,640,176,D0E1B225,0,1,1,4294967295,0,0
SpikeRight,672,112,461D16D1,0,1,1,4294967295,0,0
SpikeUp,640,80,7BA8BB50,0,1,1,4294967295,0,0
SpikeDown,592,48,E7550CB1,0,1,1,4294967295,0,0
SpikeDown,544,112,F9C31837,0,1,1,4294967295,0,0
SpikeDown,512,112,77EC64CE,0,1,1,4294967295,0,0
SpikeDown,528,144,D227923A,0,1,1,4294967295,0,0
SpikeDown,560,176,268A88DB,0,1,1,4294967295,0,0
SpikeUp,560,144,789AF53B,0,1,1,4294967295,0,0
SpikeLeft,608,224,CB24A106,0,1,1,4294967295,0,0
SpikeLeft,672,16,FA21F8DE,0,1,1,4294967295,0,0
SpikeDown,704,48,0DC2E0E6,0,1,1,4294967295,0,0
SpikeLeft,712,160,9EE77480,0,1,1,4294967295,0,0
SpikeDown,744,192,3092E8D4,0,1,1,4294967295,0,0
SpikeUp,744,128,F6296ECB,0,1,1,4294967295,0,0
SpikeDown,496,48,0F530EAC,0,1,1,4294967295,0,0
SpikeLeft,688,296,E9DC3366,0,1,1,4294967295,0,0
SpikeRight,720,296,ECF4B85D,0,1,1,4294967295,0,0
SpikeLeft,736,352,CE658FF7,0,1,1,4294967295,0,0
SpikeRight,768,352,7E3BC926,0,1,1,4294967295,0,0
SpikeDown,592,368,9C083714,0,1,1,4294967295,0,0
SpikeUp,592,336,2338D2E4,0,1,1,4294967295,0,0
SpikeUp,560,256,A60BF03B,0,1,1,4294967295,0,0
SpikeDown,560,288,4AA72959,0,1,1,4294967295,0,0
MiniSpikeRight,592,328,6FEF04BC,0,1,1,4294967295,0,0
MiniSpikeLeft,576,328,6AE1DB87,0,1,1,4294967295,0,0
SpikeRight,544,320,FBBD7D7F,0,1,1,4294967295,0,0
SpikeLeft,760,112,48834532,0,1,1,4294967295,0,0
SpikeLeft,760,208,855DBBEB,0,1,1,4294967295,0,0
SpikeRight,792,112,1C9E2BAA,0,1,1,4294967295,0,0
SpikeRight,792,208,6A7ED222,0,1,1,4294967295,0,0
SpikeLeft,608,480,6D409C4B,0,1,1,4294967295,0,0
SpikeRight,672,480,D7041C38,0,1,1,4294967295,0,0
SpikeRight,384,176,AF582E0E,0,1,1,4294967295,0,0
SpikeRight,384,208,721D5860,0,1,1,4294967295,0,0
SpikeRight,384,240,D38F065D,0,1,1,4294967295,0,0
Block,352,288,99B119A3,0,1,1,4294967295,0,0
Block,384,256,CA67BF22,0,1,1,4294967295,0,0
Block,384,288,A3E6AD83,0,1,1,4294967295,0,0
Block,320,288,94917988,0,1,1,4294967295,0,0
Block,288,288,47A1CD6E,0,1,1,4294967295,0,0
Block,288,256,C40AD04A,0,1,1,4294967295,0,0
Block,512,320,EC23511D,0,1,1,4294967295,0,0
Block,480,320,D56265FB,0,1,1,4294967295,0,0
Block,480,80,DAA87D22,0,1,1,4294967295,0,0
Block,480,112,6DEE42BC,0,1,1,4294967295,0,0
Block,192,256,2156E713,0,1,1,4294967295,0,0
Block,144,224,0F38FDF2,0,1,1,4294967295,0,0
Block,112,176,B92126E5,0,1,1,4294967295,0,0
Block,104,64,73BB6991,0,1,1,4294967295,0,0
Block,48,224,560601D2,0,1,1,4294967295,0,0
Block,112,224,8F511685,0,1,1,4294967295,0,0
Block,128,400,BAAF9FEC,0,1,1,4294967295,0,0
Block,128,496,AA23E328,0,1,1,4294967295,0,0
Block,64,304,1D66CE2D,0,1,1,4294967295,0,0
Block,64,336,2D70E66E,0,1,1,4294967295,0,0
Block,64,368,6C7D0C50,0,1,1,4294967295,0,0
Block,224,432,1763BFDF,0,1,1,4294967295,0,0
Block,224,400,525E1851,0,1,1,4294967295,0,0
Block,352,416,7EC17FF0,0,1,1,4294967295,0,0
Block,352,384,8CE023E8,0,1,1,4294967295,0,0
Block,352,448,47C1BF01,0,1,1,4294967295,0,0
Block,384,448,EA9CBD24,0,1,1,4294967295,0,0
Block,496,480,377E7D82,0,1,1,4294967295,0,0
Block,496,448,BBF0B425,0,1,1,4294967295,0,0
Block,528,480,A4CFAB5A,0,1,1,4294967295,0,0
Block,560,480,5C5F6A65,0,1,1,4294967295,0,0
Block,512,80,0195C10D,0,1,1,4294967295,0,0
Block,544,80,FFB9CD42,0,1,1,4294967295,0,0
Block,360,96,43DB2127,0,1,1,4294967295,0,0
Block,592,16,2CAB8265,0,1,1,4294967295,0,0
Block,592,-16,6F306729,0,1,1,4294967295,0,0
Block,744,160,E7534412,0,2,1,4294967295,0,0
levis_BorderTile,0,0,B185C7DC,0,1,1,4294967295,0,0
PlayerStart,320,256,507757E3,0,1,1,4294967295,0,0
SaveVeryHard,352,256,C246B796,0,1,1,4294967295,0,0
Warp,416,256,33ACDC5B,0,1,1,4294967295,0,1
SaveVeryHard,528,448,DF953C4B,0,1,1,4294967295,0,0
Cherry,656,224,B2ACB04F,0,1,1,4294967295,0,0
Cherry,656,240,AD528FD6,0,1,1,4294967295,0,0
SaveBlocker,600,448,5BE22377,0,1,1,4294967295,0,0
Cherry,720,32,AD4E7D8D,0,1,1,4294967295,0,0
Cherry,656,496,57557518,0,1,1,4294967295,0,0
CherryWaterRefreshing,256,176,3918D770,0,1,1,4294967295,0,0
CherryWaterCatharsis,112,192,CA64F018,0,1,1,4294967295,0,0
Water,96,304,3B3030B1,0,0.5,3,4294967295,0,0
CherryWaterCatharsis,188,444,BEA1FFC6,0,1,1,4294967295,0,0
Water,240,464,3C9074EC,0,0.5,1,4294967295,0,0
WaterRefreshing,336,448,CB5B8987,0,0.5,1,4294967295,0,0
CherryWater,288,392,18EB7ABC,0,1,1,4294967295,0,0
WaterCatharsis,352,320,B8E5B0FA,0,1,2,4294967295,0,0
WaterCatharsis,384,320,1C5A8185,0,1,0.5,4294967295,0,0
WaterRefreshing,336,480,9AA75294,0,1,1,4294967295,0,0
WaterCatharsis,416,112,1E722270,0,2,3.5,4294967295,0,0
WaterCatharsis,416,224,675FAB7D,0,1,0.5,4294967295,0,0
WaterCatharsis,448,96,FEFC3E39,0,1,0.5,4294967295,0,0
CherryWaterRefreshing,344,64,7BC5E557,0,1,1,4294967295,0,0
CherryWaterRefreshing,656,400,A23F59FE,0,1,1,4294967295,0,0
Water,704,368,B3616E06,0,1,1,4294967295,0,0
Water,640,352,49B6DC2D,0,0.5,1,4294967295,0,0
Water,656,256,73D54E8C,0,0.5,1,4294967295,0,0
CherryWater,656,136,82608996,0,1,1,4294967295,0,0
Water,640,80,928BFEFC,0,0.5,1,4294967295,0,0
WaterRefreshing,672,112,5926020E,0,1,0.5,4294967295,0,0
CherryWaterRefreshing,692,248,8392C0E0,0,1,1,4294967295,0,0
CherryWater,656,128,2AA61FB9,0,1,1,4294967295,0,0
