very_grass,64,368,0,0,32,32,0,1,1,4294967295
very_grass,64,368,0,0,32,32,0,1,1,4294967295
very_grass,64,368,0,0,32,32,0,1,1,4294967295
very_grass,64,368,0,0,32,32,0,1,1,4294967295
very_grass,32,400,0,0,32,32,0,1,1,4294967295
very_grass,32,400,0,0,32,32,0,1,1,4294967295
very_grass,32,400,0,0,32,32,0,1,1,4294967295
very_grass,32,400,0,0,32,32,0,1,1,4294967295
very_grass,0,400,0,0,32,32,0,1,1,4294967295
very_grass,0,400,0,0,32,32,0,1,1,4294967295
very_grass,0,400,0,0,32,32,0,1,1,4294967295
very_grass,0,400,0,0,32,32,0,1,1,4294967295
very_grass,128,400,0,0,32,32,0,1,1,4294967295
very_grass,128,400,0,0,32,32,0,1,1,4294967295
very_grass,128,400,0,0,32,32,0,1,1,4294967295
very_grass,128,400,0,0,32,32,0,1,1,4294967295
very_grass,160,352,0,0,32,32,0,1,1,4294967295
very_grass,160,352,0,0,32,32,0,1,1,4294967295
very_grass,160,352,0,0,32,32,0,1,1,4294967295
very_grass,160,352,0,0,32,32,0,1,1,4294967295
very_grass,192,352,0,0,32,32,0,1,1,4294967295
very_grass,192,352,0,0,32,32,0,1,1,4294967295
very_grass,192,352,0,0,32,32,0,1,1,4294967295
very_grass,192,352,0,0,32,32,0,1,1,4294967295
very_grass,224,352,0,0,16,32,0,1,1,4294967295
very_grass,224,352,0,0,16,32,0,1,1,4294967295
very_grass,224,352,0,0,16,32,0,1,1,4294967295
very_grass,224,352,0,0,16,32,0,1,1,4294967295
very_grass,160,384,0,32,32,32,0,1,1,4294967295
very_grass,160,384,0,32,32,32,0,1,1,4294967295
very_grass,160,384,0,32,32,32,0,1,1,4294967295
very_grass,160,384,0,32,32,32,0,1,1,4294967295
very_grass,192,384,0,32,32,32,0,1,1,4294967295
very_grass,192,384,0,32,32,32,0,1,1,4294967295
very_grass,192,384,0,32,32,32,0,1,1,4294967295
very_grass,192,384,0,32,32,32,0,1,1,4294967295
very_grass,224,384,0,32,16,32,0,1,1,4294967295
very_grass,224,384,0,32,16,32,0,1,1,4294967295
very_grass,224,384,0,32,16,32,0,1,1,4294967295
very_grass,224,384,0,32,16,32,0,1,1,4294967295
very_grass,160,416,0,32,32,16,0,1,1,4294967295
very_grass,160,416,0,32,32,16,0,1,1,4294967295
very_grass,160,416,0,32,32,16,0,1,1,4294967295
very_grass,160,416,0,32,32,16,0,1,1,4294967295
very_grass,192,416,0,32,32,16,0,1,1,4294967295
very_grass,192,416,0,32,32,16,0,1,1,4294967295
very_grass,192,416,0,32,32,16,0,1,1,4294967295
very_grass,192,416,0,32,32,16,0,1,1,4294967295
very_grass,224,416,0,32,16,16,0,1,1,4294967295
very_grass,224,416,0,32,16,16,0,1,1,4294967295
very_grass,224,416,0,32,16,16,0,1,1,4294967295
very_grass,224,416,0,32,16,16,0,1,1,4294967295
very_grass,64,400,0,32,32,32,0,1,1,4294967295
very_grass,64,400,0,32,32,32,0,1,1,4294967295
very_grass,64,400,0,32,32,32,0,1,1,4294967295
very_grass,64,400,0,32,32,32,0,1,1,4294967295
very_grass,64,432,0,32,32,32,0,1,1,4294967295
very_grass,64,432,0,32,32,32,0,1,1,4294967295
very_grass,64,432,0,32,32,32,0,1,1,4294967295
very_grass,64,432,0,32,32,32,0,1,1,4294967295
very_grass,64,464,0,32,32,32,0,1,1,4294967295
very_grass,64,464,0,32,32,32,0,1,1,4294967295
very_grass,64,464,0,32,32,32,0,1,1,4294967295
very_grass,64,464,0,32,32,32,0,1,1,4294967295
very_grass,32,432,0,32,32,32,0,1,1,4294967295
very_grass,32,432,0,32,32,32,0,1,1,4294967295
very_grass,32,432,0,32,32,32,0,1,1,4294967295
very_grass,32,432,0,32,32,32,0,1,1,4294967295
very_grass,32,464,0,32,32,32,0,1,1,4294967295
very_grass,32,464,0,32,32,32,0,1,1,4294967295
very_grass,32,464,0,32,32,32,0,1,1,4294967295
very_grass,32,464,0,32,32,32,0,1,1,4294967295
very_grass,0,432,0,32,32,32,0,1,1,4294967295
very_grass,0,432,0,32,32,32,0,1,1,4294967295
very_grass,0,432,0,32,32,32,0,1,1,4294967295
very_grass,0,432,0,32,32,32,0,1,1,4294967295
very_grass,0,464,0,32,32,32,0,1,1,4294967295
very_grass,0,464,0,32,32,32,0,1,1,4294967295
very_grass,0,464,0,32,32,32,0,1,1,4294967295
very_grass,0,464,0,32,32,32,0,1,1,4294967295
very_grass,0,496,0,32,32,32,0,1,1,4294967295
very_grass,0,496,0,32,32,32,0,1,1,4294967295
very_grass,0,496,0,32,32,32,0,1,1,4294967295
very_grass,0,496,0,32,32,32,0,1,1,4294967295
very_grass,0,528,0,32,32,32,0,1,1,4294967295
very_grass,0,528,0,32,32,32,0,1,1,4294967295
very_grass,0,528,0,32,32,32,0,1,1,4294967295
very_grass,0,528,0,32,32,32,0,1,1,4294967295
very_grass,0,560,0,32,32,32,0,1,1,4294967295
very_grass,0,560,0,32,32,32,0,1,1,4294967295
very_grass,0,560,0,32,32,32,0,1,1,4294967295
very_grass,0,560,0,32,32,32,0,1,1,4294967295
very_grass,32,496,0,32,32,32,0,1,1,4294967295
very_grass,32,496,0,32,32,32,0,1,1,4294967295
very_grass,32,496,0,32,32,32,0,1,1,4294967295
very_grass,32,496,0,32,32,32,0,1,1,4294967295
very_grass,32,528,0,32,32,32,0,1,1,4294967295
very_grass,32,528,0,32,32,32,0,1,1,4294967295
very_grass,32,528,0,32,32,32,0,1,1,4294967295
very_grass,32,528,0,32,32,32,0,1,1,4294967295
very_grass,32,560,0,32,32,32,0,1,1,4294967295
very_grass,32,560,0,32,32,32,0,1,1,4294967295
very_grass,32,560,0,32,32,32,0,1,1,4294967295
very_grass,32,560,0,32,32,32,0,1,1,4294967295
very_grass,0,592,0,32,32,16,0,1,1,4294967295
very_grass,0,592,0,32,32,16,0,1,1,4294967295
very_grass,0,592,0,32,32,16,0,1,1,4294967295
very_grass,0,592,0,32,32,16,0,1,1,4294967295
very_grass,32,592,0,32,32,16,0,1,1,4294967295
very_grass,32,592,0,32,32,16,0,1,1,4294967295
very_grass,32,592,0,32,32,16,0,1,1,4294967295
very_grass,32,592,0,32,32,16,0,1,1,4294967295
very_grass,64,496,0,32,32,16,0,1,1,4294967295
very_grass,64,496,0,32,32,16,0,1,1,4294967295
very_grass,64,496,0,32,32,16,0,1,1,4294967295
very_grass,64,496,0,32,32,16,0,1,1,4294967295
very_grass,80,208,0,0,32,64,0,1,1,4294967295
very_grass,80,208,0,0,32,64,0,1,1,4294967295
very_grass,80,208,0,0,32,64,0,1,1,4294967295
very_grass,80,208,0,0,32,64,0,1,1,4294967295
very_grass,112,208,0,0,32,64,0,1,1,4294967295
very_grass,112,208,0,0,32,64,0,1,1,4294967295
very_grass,112,208,0,0,32,64,0,1,1,4294967295
very_grass,112,208,0,0,32,64,0,1,1,4294967295
very_grass,144,208,0,0,16,64,0,1,1,4294967295
very_grass,144,208,0,0,16,64,0,1,1,4294967295
very_grass,144,208,0,0,16,64,0,1,1,4294967295
very_grass,144,208,0,0,16,64,0,1,1,4294967295
very_grass,256,112,0,0,32,64,0,1,1,4294967295
very_grass,256,112,0,0,32,64,0,1,1,4294967295
very_grass,256,112,0,0,32,64,0,1,1,4294967295
very_grass,256,112,0,0,32,64,0,1,1,4294967295
very_grass,256,176,0,32,32,16,0,1,1,4294967295
very_grass,256,176,0,32,32,16,0,1,1,4294967295
very_grass,256,176,0,32,32,16,0,1,1,4294967295
very_grass,256,176,0,32,32,16,0,1,1,4294967295
very_grass,288,176,0,32,16,16,0,1,1,4294967295
very_grass,288,176,0,32,16,16,0,1,1,4294967295
very_grass,288,176,0,32,16,16,0,1,1,4294967295
very_grass,288,176,0,32,16,16,0,1,1,4294967295
very_grass,288,112,0,0,16,64,0,1,1,4294967295
very_grass,288,112,0,0,16,64,0,1,1,4294967295
very_grass,288,112,0,0,16,64,0,1,1,4294967295
very_grass,288,112,0,0,16,64,0,1,1,4294967295
very_grass,352,224,0,0,32,64,0,1,1,4294967295
very_grass,352,224,0,0,32,64,0,1,1,4294967295
very_grass,352,224,0,0,32,64,0,1,1,4294967295
very_grass,352,224,0,0,32,64,0,1,1,4294967295
very_grass,288,288,0,0,32,32,0,1,1,4294967295
very_grass,288,288,0,0,32,32,0,1,1,4294967295
very_grass,288,288,0,0,32,32,0,1,1,4294967295
very_grass,288,288,0,0,32,32,0,1,1,4294967295
very_grass,320,288,0,0,32,64,0,1,1,4294967295
very_grass,320,288,0,0,32,64,0,1,1,4294967295
very_grass,320,288,0,0,32,64,0,1,1,4294967295
very_grass,320,288,0,0,32,64,0,1,1,4294967295
very_grass,432,176,0,0,32,64,0,1,1,4294967295
very_grass,432,176,0,0,32,64,0,1,1,4294967295
very_grass,432,176,0,0,32,64,0,1,1,4294967295
very_grass,432,176,0,0,32,64,0,1,1,4294967295
very_grass,576,224,0,0,32,64,0,1,1,4294967295
very_grass,576,224,0,0,32,64,0,1,1,4294967295
very_grass,576,224,0,0,32,64,0,1,1,4294967295
very_grass,576,224,0,0,32,64,0,1,1,4294967295
very_grass,608,192,0,0,32,64,0,1,1,4294967295
very_grass,608,192,0,0,32,64,0,1,1,4294967295
very_grass,608,192,0,0,32,64,0,1,1,4294967295
very_grass,608,192,0,0,32,64,0,1,1,4294967295
very_grass,720,144,0,0,32,64,0,1,1,4294967295
very_grass,720,144,0,0,32,64,0,1,1,4294967295
very_grass,720,144,0,0,32,64,0,1,1,4294967295
very_grass,720,144,0,0,32,64,0,1,1,4294967295
very_grass,288,384,0,0,32,64,0,1,1,4294967295
very_grass,288,384,0,0,32,64,0,1,1,4294967295
very_grass,288,384,0,0,32,64,0,1,1,4294967295
very_grass,288,384,0,0,32,64,0,1,1,4294967295
very_grass,320,416,0,0,32,64,0,1,1,4294967295
very_grass,320,416,0,0,32,64,0,1,1,4294967295
very_grass,320,416,0,0,32,64,0,1,1,4294967295
very_grass,320,416,0,0,32,64,0,1,1,4294967295
very_grass,352,416,0,0,32,64,0,1,1,4294967295
very_grass,352,416,0,0,32,64,0,1,1,4294967295
very_grass,352,416,0,0,32,64,0,1,1,4294967295
very_grass,352,416,0,0,32,64,0,1,1,4294967295
very_grass,256,480,0,0,32,64,0,1,1,4294967295
very_grass,256,480,0,0,32,64,0,1,1,4294967295
very_grass,256,480,0,0,32,64,0,1,1,4294967295
very_grass,256,480,0,0,32,64,0,1,1,4294967295
very_grass,224,512,0,0,32,64,0,1,1,4294967295
very_grass,224,512,0,0,32,64,0,1,1,4294967295
very_grass,224,512,0,0,32,64,0,1,1,4294967295
very_grass,224,512,0,0,32,64,0,1,1,4294967295
very_grass,384,448,0,0,32,64,0,1,1,4294967295
very_grass,384,448,0,0,32,64,0,1,1,4294967295
very_grass,384,448,0,0,32,64,0,1,1,4294967295
very_grass,384,448,0,0,32,64,0,1,1,4294967295
very_grass,544,480,0,0,32,64,0,1,1,4294967295
very_grass,544,480,0,0,32,64,0,1,1,4294967295
very_grass,544,480,0,0,32,64,0,1,1,4294967295
very_grass,544,480,0,0,32,64,0,1,1,4294967295
very_grass,576,416,0,0,32,64,0,1,1,4294967295
very_grass,576,416,0,0,32,64,0,1,1,4294967295
very_grass,576,416,0,0,32,64,0,1,1,4294967295
very_grass,576,416,0,0,32,64,0,1,1,4294967295
very_grass,608,352,0,0,32,64,0,1,1,4294967295
very_grass,608,352,0,0,32,64,0,1,1,4294967295
very_grass,608,352,0,0,32,64,0,1,1,4294967295
very_grass,608,352,0,0,32,64,0,1,1,4294967295
very_grass,640,320,0,0,32,64,0,1,1,4294967295
very_grass,640,320,0,0,32,64,0,1,1,4294967295
very_grass,640,320,0,0,32,64,0,1,1,4294967295
very_grass,640,320,0,0,32,64,0,1,1,4294967295
very_grass,672,320,0,0,16,64,0,1,1,4294967295
very_grass,672,320,0,0,16,64,0,1,1,4294967295
very_grass,672,320,0,0,16,64,0,1,1,4294967295
very_grass,672,320,0,0,16,64,0,1,1,4294967295
very_grass,416,448,0,0,16,64,0,1,1,4294967295
very_grass,416,448,0,0,16,64,0,1,1,4294967295
very_grass,416,448,0,0,16,64,0,1,1,4294967295
very_grass,416,448,0,0,16,64,0,1,1,4294967295
very_grass,192,576,0,0,32,32,0,1,1,4294967295
very_grass,192,576,0,0,32,32,0,1,1,4294967295
very_grass,192,576,0,0,32,32,0,1,1,4294967295
very_grass,192,576,0,0,32,32,0,1,1,4294967295
very_grass,224,576,0,32,32,32,0,1,1,4294967295
very_grass,224,576,0,32,32,32,0,1,1,4294967295
very_grass,224,576,0,32,32,32,0,1,1,4294967295
very_grass,224,576,0,32,32,32,0,1,1,4294967295
very_grass,256,544,0,32,32,32,0,1,1,4294967295
very_grass,256,544,0,32,32,32,0,1,1,4294967295
very_grass,256,544,0,32,32,32,0,1,1,4294967295
very_grass,256,544,0,32,32,32,0,1,1,4294967295
very_grass,288,448,0,32,32,32,0,1,1,4294967295
very_grass,288,448,0,32,32,32,0,1,1,4294967295
very_grass,288,448,0,32,32,32,0,1,1,4294967295
very_grass,288,448,0,32,32,32,0,1,1,4294967295
very_grass,288,480,0,32,32,32,0,1,1,4294967295
very_grass,288,480,0,32,32,32,0,1,1,4294967295
very_grass,288,480,0,32,32,32,0,1,1,4294967295
very_grass,288,480,0,32,32,32,0,1,1,4294967295
very_grass,288,512,0,32,32,32,0,1,1,4294967295
very_grass,288,512,0,32,32,32,0,1,1,4294967295
very_grass,288,512,0,32,32,32,0,1,1,4294967295
very_grass,288,512,0,32,32,32,0,1,1,4294967295
very_grass,288,544,0,32,32,32,0,1,1,4294967295
very_grass,288,544,0,32,32,32,0,1,1,4294967295
very_grass,288,544,0,32,32,32,0,1,1,4294967295
very_grass,288,544,0,32,32,32,0,1,1,4294967295
very_grass,256,576,0,32,32,32,0,1,1,4294967295
very_grass,256,576,0,32,32,32,0,1,1,4294967295
very_grass,256,576,0,32,32,32,0,1,1,4294967295
very_grass,256,576,0,32,32,32,0,1,1,4294967295
very_grass,288,576,0,32,32,32,0,1,1,4294967295
very_grass,288,576,0,32,32,32,0,1,1,4294967295
very_grass,288,576,0,32,32,32,0,1,1,4294967295
very_grass,288,576,0,32,32,32,0,1,1,4294967295
very_grass,320,576,0,32,32,32,0,1,1,4294967295
very_grass,320,576,0,32,32,32,0,1,1,4294967295
very_grass,320,576,0,32,32,32,0,1,1,4294967295
very_grass,320,576,0,32,32,32,0,1,1,4294967295
very_grass,352,576,0,32,32,32,0,1,1,4294967295
very_grass,352,576,0,32,32,32,0,1,1,4294967295
very_grass,352,576,0,32,32,32,0,1,1,4294967295
very_grass,352,576,0,32,32,32,0,1,1,4294967295
very_grass,384,576,0,32,32,32,0,1,1,4294967295
very_grass,384,576,0,32,32,32,0,1,1,4294967295
very_grass,384,576,0,32,32,32,0,1,1,4294967295
very_grass,384,576,0,32,32,32,0,1,1,4294967295
very_grass,416,576,0,32,32,32,0,1,1,4294967295
very_grass,416,576,0,32,32,32,0,1,1,4294967295
very_grass,416,576,0,32,32,32,0,1,1,4294967295
very_grass,416,576,0,32,32,32,0,1,1,4294967295
very_grass,448,576,0,32,32,32,0,1,1,4294967295
very_grass,448,576,0,32,32,32,0,1,1,4294967295
very_grass,448,576,0,32,32,32,0,1,1,4294967295
very_grass,448,576,0,32,32,32,0,1,1,4294967295
very_grass,480,576,0,32,32,32,0,1,1,4294967295
very_grass,480,576,0,32,32,32,0,1,1,4294967295
very_grass,480,576,0,32,32,32,0,1,1,4294967295
very_grass,480,576,0,32,32,32,0,1,1,4294967295
very_grass,512,576,0,32,32,32,0,1,1,4294967295
very_grass,512,576,0,32,32,32,0,1,1,4294967295
very_grass,512,576,0,32,32,32,0,1,1,4294967295
very_grass,512,576,0,32,32,32,0,1,1,4294967295
very_grass,320,480,0,32,32,32,0,1,1,4294967295
very_grass,320,480,0,32,32,32,0,1,1,4294967295
very_grass,320,480,0,32,32,32,0,1,1,4294967295
very_grass,320,480,0,32,32,32,0,1,1,4294967295
very_grass,320,512,0,32,32,32,0,1,1,4294967295
very_grass,320,512,0,32,32,32,0,1,1,4294967295
very_grass,320,512,0,32,32,32,0,1,1,4294967295
very_grass,320,512,0,32,32,32,0,1,1,4294967295
very_grass,320,544,0,32,32,32,0,1,1,4294967295
very_grass,320,544,0,32,32,32,0,1,1,4294967295
very_grass,320,544,0,32,32,32,0,1,1,4294967295
very_grass,320,544,0,32,32,32,0,1,1,4294967295
very_grass,352,480,0,32,32,32,0,1,1,4294967295
very_grass,352,480,0,32,32,32,0,1,1,4294967295
very_grass,352,480,0,32,32,32,0,1,1,4294967295
very_grass,352,480,0,32,32,32,0,1,1,4294967295
very_grass,352,512,0,32,32,32,0,1,1,4294967295
very_grass,352,512,0,32,32,32,0,1,1,4294967295
very_grass,352,512,0,32,32,32,0,1,1,4294967295
very_grass,352,512,0,32,32,32,0,1,1,4294967295
very_grass,352,544,0,32,32,32,0,1,1,4294967295
very_grass,352,544,0,32,32,32,0,1,1,4294967295
very_grass,352,544,0,32,32,32,0,1,1,4294967295
very_grass,352,544,0,32,32,32,0,1,1,4294967295
very_grass,384,512,0,32,32,32,0,1,1,4294967295
very_grass,384,512,0,32,32,32,0,1,1,4294967295
very_grass,384,512,0,32,32,32,0,1,1,4294967295
very_grass,384,512,0,32,32,32,0,1,1,4294967295
very_grass,384,544,0,32,32,32,0,1,1,4294967295
very_grass,384,544,0,32,32,32,0,1,1,4294967295
very_grass,384,544,0,32,32,32,0,1,1,4294967295
very_grass,384,544,0,32,32,32,0,1,1,4294967295
very_grass,352,288,0,32,32,32,0,1,1,4294967295
very_grass,352,288,0,32,32,32,0,1,1,4294967295
very_grass,352,288,0,32,32,32,0,1,1,4294967295
very_grass,352,288,0,32,32,32,0,1,1,4294967295
very_grass,352,320,0,32,32,32,0,1,1,4294967295
very_grass,352,320,0,32,32,32,0,1,1,4294967295
very_grass,352,320,0,32,32,32,0,1,1,4294967295
very_grass,352,320,0,32,32,32,0,1,1,4294967295
very_grass,432,240,0,32,32,32,0,1,1,4294967295
very_grass,432,240,0,32,32,32,0,1,1,4294967295
very_grass,432,240,0,32,32,32,0,1,1,4294967295
very_grass,432,240,0,32,32,32,0,1,1,4294967295
very_grass,432,272,0,32,32,32,0,1,1,4294967295
very_grass,432,272,0,32,32,32,0,1,1,4294967295
very_grass,432,272,0,32,32,32,0,1,1,4294967295
very_grass,432,272,0,32,32,32,0,1,1,4294967295
very_grass,432,304,0,32,32,32,0,1,1,4294967295
very_grass,432,304,0,32,32,32,0,1,1,4294967295
very_grass,432,304,0,32,32,32,0,1,1,4294967295
very_grass,432,304,0,32,32,32,0,1,1,4294967295
very_grass,512,288,0,0,32,64,0,1,1,4294967295
very_grass,512,288,0,0,32,64,0,1,1,4294967295
very_grass,512,288,0,0,32,64,0,1,1,4294967295
very_grass,512,288,0,0,32,64,0,1,1,4294967295
very_grass,608,256,0,32,32,32,0,1,1,4294967295
very_grass,608,256,0,32,32,32,0,1,1,4294967295
very_grass,608,256,0,32,32,32,0,1,1,4294967295
very_grass,608,256,0,32,32,32,0,1,1,4294967295
very_grass,752,144,0,0,16,64,0,1,1,4294967295
very_grass,752,144,0,0,16,64,0,1,1,4294967295
very_grass,752,144,0,0,16,64,0,1,1,4294967295
very_grass,752,144,0,0,16,64,0,1,1,4294967295
very_grass,720,208,0,32,32,16,0,1,1,4294967295
very_grass,720,208,0,32,32,16,0,1,1,4294967295
very_grass,720,208,0,32,32,16,0,1,1,4294967295
very_grass,720,208,0,32,32,16,0,1,1,4294967295
very_grass,752,208,0,32,16,16,0,1,1,4294967295
very_grass,752,208,0,32,16,16,0,1,1,4294967295
very_grass,752,208,0,32,16,16,0,1,1,4294967295
very_grass,752,208,0,32,16,16,0,1,1,4294967295
very_grass,432,336,0,32,32,16,0,1,1,4294967295
very_grass,432,336,0,32,32,16,0,1,1,4294967295
very_grass,432,336,0,32,32,16,0,1,1,4294967295
very_grass,432,336,0,32,32,16,0,1,1,4294967295
very_grass,464,240,0,0,16,64,0,1,1,4294967295
very_grass,464,240,0,0,16,64,0,1,1,4294967295
very_grass,464,240,0,0,16,64,0,1,1,4294967295
very_grass,464,240,0,0,16,64,0,1,1,4294967295
very_grass,464,304,0,32,16,32,0,1,1,4294967295
very_grass,464,304,0,32,16,32,0,1,1,4294967295
very_grass,464,304,0,32,16,32,0,1,1,4294967295
very_grass,464,304,0,32,16,32,0,1,1,4294967295
very_grass,464,336,0,32,16,16,0,1,1,4294967295
very_grass,464,336,0,32,16,16,0,1,1,4294967295
very_grass,464,336,0,32,16,16,0,1,1,4294967295
very_grass,464,336,0,32,16,16,0,1,1,4294967295
very_grass,800,112,0,0,32,32,0,1,1,4294967295
very_grass,800,112,0,0,32,32,0,1,1,4294967295
very_grass,800,112,0,0,32,32,0,1,1,4294967295
very_grass,800,112,0,0,32,32,0,1,1,4294967295
very_grass,944,144,0,0,32,64,0,1,1,4294967295
very_grass,944,144,0,0,32,64,0,1,1,4294967295
very_grass,944,144,0,0,32,64,0,1,1,4294967295
very_grass,944,144,0,0,32,64,0,1,1,4294967295
very_grass,976,112,0,0,32,64,0,1,1,4294967295
very_grass,976,112,0,0,32,64,0,1,1,4294967295
very_grass,976,112,0,0,32,64,0,1,1,4294967295
very_grass,976,112,0,0,32,64,0,1,1,4294967295
very_grass,1008,112,0,0,32,64,0,1,1,4294967295
very_grass,1008,112,0,0,32,64,0,1,1,4294967295
very_grass,1008,112,0,0,32,64,0,1,1,4294967295
very_grass,1008,112,0,0,32,64,0,1,1,4294967295
very_grass,928,144,16,0,16,64,0,1,1,4294967295
very_grass,928,144,16,0,16,64,0,1,1,4294967295
very_grass,928,144,16,0,16,64,0,1,1,4294967295
very_grass,928,144,16,0,16,64,0,1,1,4294967295
very_grass,832,112,0,0,32,64,0,1,1,4294967295
very_grass,832,112,0,0,32,64,0,1,1,4294967295
very_grass,832,112,0,0,32,64,0,1,1,4294967295
very_grass,832,112,0,0,32,64,0,1,1,4294967295
very_grass,864,112,0,0,16,64,0,1,1,4294967295
very_grass,864,112,0,0,16,64,0,1,1,4294967295
very_grass,864,112,0,0,16,64,0,1,1,4294967295
very_grass,864,112,0,0,16,64,0,1,1,4294967295
very_grass,832,176,0,32,32,16,0,1,1,4294967295
very_grass,832,176,0,32,32,16,0,1,1,4294967295
very_grass,832,176,0,32,32,16,0,1,1,4294967295
very_grass,832,176,0,32,32,16,0,1,1,4294967295
very_grass,864,176,0,32,16,16,0,1,1,4294967295
very_grass,864,176,0,32,16,16,0,1,1,4294967295
very_grass,864,176,0,32,16,16,0,1,1,4294967295
very_grass,864,176,0,32,16,16,0,1,1,4294967295
very_grass,976,176,0,32,32,32,0,1,1,4294967295
very_grass,976,176,0,32,32,32,0,1,1,4294967295
very_grass,976,176,0,32,32,32,0,1,1,4294967295
very_grass,976,176,0,32,32,32,0,1,1,4294967295
very_grass,1008,176,0,32,32,32,0,1,1,4294967295
very_grass,1008,176,0,32,32,32,0,1,1,4294967295
very_grass,1008,176,0,32,32,32,0,1,1,4294967295
very_grass,1008,176,0,32,32,32,0,1,1,4294967295
very_grass,1008,208,0,32,32,32,0,1,1,4294967295
very_grass,1008,208,0,32,32,32,0,1,1,4294967295
very_grass,1008,208,0,32,32,32,0,1,1,4294967295
very_grass,1008,208,0,32,32,32,0,1,1,4294967295
very_grass,976,208,0,32,32,32,0,1,1,4294967295
very_grass,976,208,0,32,32,32,0,1,1,4294967295
very_grass,976,208,0,32,32,32,0,1,1,4294967295
very_grass,976,208,0,32,32,32,0,1,1,4294967295
very_grass,976,240,0,32,32,32,0,1,1,4294967295
very_grass,976,240,0,32,32,32,0,1,1,4294967295
very_grass,976,240,0,32,32,32,0,1,1,4294967295
very_grass,976,240,0,32,32,32,0,1,1,4294967295
very_grass,1008,240,0,32,32,32,0,1,1,4294967295
very_grass,1008,240,0,32,32,32,0,1,1,4294967295
very_grass,1008,240,0,32,32,32,0,1,1,4294967295
very_grass,1008,240,0,32,32,32,0,1,1,4294967295
very_grass,976,272,0,32,32,32,0,1,1,4294967295
very_grass,976,272,0,32,32,32,0,1,1,4294967295
very_grass,976,272,0,32,32,32,0,1,1,4294967295
very_grass,976,272,0,32,32,32,0,1,1,4294967295
very_grass,640,384,0,32,32,32,0,1,1,4294967295
very_grass,640,384,0,32,32,32,0,1,1,4294967295
very_grass,640,384,0,32,32,32,0,1,1,4294967295
very_grass,640,384,0,32,32,32,0,1,1,4294967295
very_grass,608,416,0,32,32,32,0,1,1,4294967295
very_grass,608,416,0,32,32,32,0,1,1,4294967295
very_grass,608,416,0,32,32,32,0,1,1,4294967295
very_grass,608,416,0,32,32,32,0,1,1,4294967295
very_grass,640,416,0,32,32,32,0,1,1,4294967295
very_grass,640,416,0,32,32,32,0,1,1,4294967295
very_grass,640,416,0,32,32,32,0,1,1,4294967295
very_grass,640,416,0,32,32,32,0,1,1,4294967295
very_grass,608,448,0,32,32,32,0,1,1,4294967295
very_grass,608,448,0,32,32,32,0,1,1,4294967295
very_grass,608,448,0,32,32,32,0,1,1,4294967295
very_grass,608,448,0,32,32,32,0,1,1,4294967295
very_grass,576,480,0,32,32,32,0,1,1,4294967295
very_grass,576,480,0,32,32,32,0,1,1,4294967295
very_grass,576,480,0,32,32,32,0,1,1,4294967295
very_grass,576,480,0,32,32,32,0,1,1,4294967295
very_grass,608,480,0,32,32,32,0,1,1,4294967295
very_grass,608,480,0,32,32,32,0,1,1,4294967295
very_grass,608,480,0,32,32,32,0,1,1,4294967295
very_grass,608,480,0,32,32,32,0,1,1,4294967295
very_grass,576,512,0,32,32,32,0,1,1,4294967295
very_grass,576,512,0,32,32,32,0,1,1,4294967295
very_grass,576,512,0,32,32,32,0,1,1,4294967295
very_grass,576,512,0,32,32,32,0,1,1,4294967295
very_grass,608,512,0,32,32,32,0,1,1,4294967295
very_grass,608,512,0,32,32,32,0,1,1,4294967295
very_grass,608,512,0,32,32,32,0,1,1,4294967295
very_grass,608,512,0,32,32,32,0,1,1,4294967295
very_grass,544,544,0,32,32,32,0,1,1,4294967295
very_grass,544,544,0,32,32,32,0,1,1,4294967295
very_grass,544,544,0,32,32,32,0,1,1,4294967295
very_grass,544,544,0,32,32,32,0,1,1,4294967295
very_grass,576,544,0,32,32,32,0,1,1,4294967295
very_grass,576,544,0,32,32,32,0,1,1,4294967295
very_grass,576,544,0,32,32,32,0,1,1,4294967295
very_grass,576,544,0,32,32,32,0,1,1,4294967295
very_grass,544,576,0,32,32,32,0,1,1,4294967295
very_grass,544,576,0,32,32,32,0,1,1,4294967295
very_grass,544,576,0,32,32,32,0,1,1,4294967295
very_grass,544,576,0,32,32,32,0,1,1,4294967295
very_grass,576,576,0,32,32,32,0,1,1,4294967295
very_grass,576,576,0,32,32,32,0,1,1,4294967295
very_grass,576,576,0,32,32,32,0,1,1,4294967295
very_grass,576,576,0,32,32,32,0,1,1,4294967295
very_grass,608,544,0,32,16,32,0,1,1,4294967295
very_grass,608,544,0,32,16,32,0,1,1,4294967295
very_grass,608,544,0,32,16,32,0,1,1,4294967295
very_grass,608,544,0,32,16,32,0,1,1,4294967295
very_grass,608,576,0,32,16,32,0,1,1,4294967295
very_grass,608,576,0,32,16,32,0,1,1,4294967295
very_grass,608,576,0,32,16,32,0,1,1,4294967295
very_grass,608,576,0,32,16,32,0,1,1,4294967295
very_grass,640,448,0,32,16,32,0,1,1,4294967295
very_grass,640,448,0,32,16,32,0,1,1,4294967295
very_grass,640,448,0,32,16,32,0,1,1,4294967295
very_grass,640,448,0,32,16,32,0,1,1,4294967295
very_grass,640,480,0,32,16,32,0,1,1,4294967295
very_grass,640,480,0,32,16,32,0,1,1,4294967295
very_grass,640,480,0,32,16,32,0,1,1,4294967295
very_grass,640,480,0,32,16,32,0,1,1,4294967295
very_grass,640,512,0,32,16,32,0,1,1,4294967295
very_grass,640,512,0,32,16,32,0,1,1,4294967295
very_grass,640,512,0,32,16,32,0,1,1,4294967295
very_grass,640,512,0,32,16,32,0,1,1,4294967295
very_grass,672,384,0,32,16,32,0,1,1,4294967295
very_grass,672,384,0,32,16,32,0,1,1,4294967295
very_grass,672,384,0,32,16,32,0,1,1,4294967295
very_grass,672,384,0,32,16,32,0,1,1,4294967295
very_grass,672,416,0,32,16,32,0,1,1,4294967295
very_grass,672,416,0,32,16,32,0,1,1,4294967295
very_grass,672,416,0,32,16,32,0,1,1,4294967295
very_grass,672,416,0,32,16,32,0,1,1,4294967295
very_grass,912,336,0,0,32,32,0,1,1,4294967295
very_grass,912,336,0,0,32,32,0,1,1,4294967295
very_grass,912,336,0,0,32,32,0,1,1,4294967295
very_grass,912,336,0,0,32,32,0,1,1,4294967295
very_grass,720,384,0,0,32,64,0,1,1,4294967295
very_grass,720,384,0,0,32,64,0,1,1,4294967295
very_grass,720,384,0,0,32,64,0,1,1,4294967295
very_grass,720,384,0,0,32,64,0,1,1,4294967295
very_grass,752,448,0,0,32,64,0,1,1,4294967295
very_grass,752,448,0,0,32,64,0,1,1,4294967295
very_grass,752,448,0,0,32,64,0,1,1,4294967295
very_grass,752,448,0,0,32,64,0,1,1,4294967295
very_grass,784,448,0,0,32,64,0,1,1,4294967295
very_grass,784,448,0,0,32,64,0,1,1,4294967295
very_grass,784,448,0,0,32,64,0,1,1,4294967295
very_grass,784,448,0,0,32,64,0,1,1,4294967295
very_grass,816,512,0,0,32,64,0,1,1,4294967295
very_grass,816,512,0,0,32,64,0,1,1,4294967295
very_grass,816,512,0,0,32,64,0,1,1,4294967295
very_grass,816,512,0,0,32,64,0,1,1,4294967295
very_grass,848,544,0,0,32,64,0,1,1,4294967295
very_grass,848,544,0,0,32,64,0,1,1,4294967295
very_grass,848,544,0,0,32,64,0,1,1,4294967295
very_grass,848,544,0,0,32,64,0,1,1,4294967295
very_grass,880,544,0,0,32,64,0,1,1,4294967295
very_grass,880,544,0,0,32,64,0,1,1,4294967295
very_grass,880,544,0,0,32,64,0,1,1,4294967295
very_grass,880,544,0,0,32,64,0,1,1,4294967295
very_grass,928,480,0,0,32,64,0,1,1,4294967295
very_grass,928,480,0,0,32,64,0,1,1,4294967295
very_grass,928,480,0,0,32,64,0,1,1,4294967295
very_grass,928,480,0,0,32,64,0,1,1,4294967295
very_grass,960,448,0,0,32,64,0,1,1,4294967295
very_grass,960,448,0,0,32,64,0,1,1,4294967295
very_grass,960,448,0,0,32,64,0,1,1,4294967295
very_grass,960,448,0,0,32,64,0,1,1,4294967295
very_grass,992,448,0,0,32,64,0,1,1,4294967295
very_grass,992,448,0,0,32,64,0,1,1,4294967295
very_grass,992,448,0,0,32,64,0,1,1,4294967295
very_grass,992,448,0,0,32,64,0,1,1,4294967295
very_grass,912,544,0,0,16,64,0,1,1,4294967295
very_grass,912,544,0,0,16,64,0,1,1,4294967295
very_grass,912,544,0,0,16,64,0,1,1,4294967295
very_grass,912,544,0,0,16,64,0,1,1,4294967295
very_grass,720,448,0,32,32,32,0,1,1,4294967295
very_grass,720,448,0,32,32,32,0,1,1,4294967295
very_grass,720,448,0,32,32,32,0,1,1,4294967295
very_grass,720,448,0,32,32,32,0,1,1,4294967295
very_grass,720,480,0,32,32,32,0,1,1,4294967295
very_grass,720,480,0,32,32,32,0,1,1,4294967295
very_grass,720,480,0,32,32,32,0,1,1,4294967295
very_grass,720,480,0,32,32,32,0,1,1,4294967295
very_grass,720,512,0,32,32,32,0,1,1,4294967295
very_grass,720,512,0,32,32,32,0,1,1,4294967295
very_grass,720,512,0,32,32,32,0,1,1,4294967295
very_grass,720,512,0,32,32,32,0,1,1,4294967295
very_grass,752,512,0,32,32,32,0,1,1,4294967295
very_grass,752,512,0,32,32,32,0,1,1,4294967295
very_grass,752,512,0,32,32,32,0,1,1,4294967295
very_grass,752,512,0,32,32,32,0,1,1,4294967295
very_grass,784,512,0,32,32,32,0,1,1,4294967295
very_grass,784,512,0,32,32,32,0,1,1,4294967295
very_grass,784,512,0,32,32,32,0,1,1,4294967295
very_grass,784,512,0,32,32,32,0,1,1,4294967295
very_grass,752,544,0,32,32,32,0,1,1,4294967295
very_grass,752,544,0,32,32,32,0,1,1,4294967295
very_grass,752,544,0,32,32,32,0,1,1,4294967295
very_grass,752,544,0,32,32,32,0,1,1,4294967295
very_grass,784,544,0,32,32,32,0,1,1,4294967295
very_grass,784,544,0,32,32,32,0,1,1,4294967295
very_grass,784,544,0,32,32,32,0,1,1,4294967295
very_grass,784,544,0,32,32,32,0,1,1,4294967295
very_grass,752,576,0,32,32,32,0,1,1,4294967295
very_grass,752,576,0,32,32,32,0,1,1,4294967295
very_grass,752,576,0,32,32,32,0,1,1,4294967295
very_grass,752,576,0,32,32,32,0,1,1,4294967295
very_grass,784,576,0,32,32,32,0,1,1,4294967295
very_grass,784,576,0,32,32,32,0,1,1,4294967295
very_grass,784,576,0,32,32,32,0,1,1,4294967295
very_grass,784,576,0,32,32,32,0,1,1,4294967295
very_grass,816,576,0,32,32,32,0,1,1,4294967295
very_grass,816,576,0,32,32,32,0,1,1,4294967295
very_grass,816,576,0,32,32,32,0,1,1,4294967295
very_grass,816,576,0,32,32,32,0,1,1,4294967295
very_grass,928,544,0,32,32,32,0,1,1,4294967295
very_grass,928,544,0,32,32,32,0,1,1,4294967295
very_grass,928,544,0,32,32,32,0,1,1,4294967295
very_grass,928,544,0,32,32,32,0,1,1,4294967295
very_grass,928,576,0,32,32,32,0,1,1,4294967295
very_grass,928,576,0,32,32,32,0,1,1,4294967295
very_grass,928,576,0,32,32,32,0,1,1,4294967295
very_grass,928,576,0,32,32,32,0,1,1,4294967295
very_grass,960,512,0,32,32,32,0,1,1,4294967295
very_grass,960,512,0,32,32,32,0,1,1,4294967295
very_grass,960,512,0,32,32,32,0,1,1,4294967295
very_grass,960,512,0,32,32,32,0,1,1,4294967295
very_grass,960,544,0,32,32,32,0,1,1,4294967295
very_grass,960,544,0,32,32,32,0,1,1,4294967295
very_grass,960,544,0,32,32,32,0,1,1,4294967295
very_grass,960,544,0,32,32,32,0,1,1,4294967295
very_grass,960,576,0,32,32,32,0,1,1,4294967295
very_grass,960,576,0,32,32,32,0,1,1,4294967295
very_grass,960,576,0,32,32,32,0,1,1,4294967295
very_grass,960,576,0,32,32,32,0,1,1,4294967295
very_grass,992,512,0,32,32,32,0,1,1,4294967295
very_grass,992,512,0,32,32,32,0,1,1,4294967295
very_grass,992,512,0,32,32,32,0,1,1,4294967295
very_grass,992,512,0,32,32,32,0,1,1,4294967295
very_grass,992,544,0,32,32,32,0,1,1,4294967295
very_grass,992,544,0,32,32,32,0,1,1,4294967295
very_grass,992,544,0,32,32,32,0,1,1,4294967295
very_grass,992,544,0,32,32,32,0,1,1,4294967295
very_grass,992,576,0,32,32,32,0,1,1,4294967295
very_grass,992,576,0,32,32,32,0,1,1,4294967295
very_grass,992,576,0,32,32,32,0,1,1,4294967295
very_grass,992,576,0,32,32,32,0,1,1,4294967295
very_grass,800,272,0,0,32,64,0,1,1,4294967295
very_grass,800,272,0,0,32,64,0,1,1,4294967295
very_grass,800,272,0,0,32,64,0,1,1,4294967295
very_grass,800,272,0,0,32,64,0,1,1,4294967295
very_grass,832,272,0,0,32,64,0,1,1,4294967295
very_grass,832,272,0,0,32,64,0,1,1,4294967295
very_grass,832,272,0,0,32,64,0,1,1,4294967295
very_grass,832,272,0,0,32,64,0,1,1,4294967295
very_grass,864,272,0,0,16,64,0,1,1,4294967295
very_grass,864,272,0,0,16,64,0,1,1,4294967295
very_grass,864,272,0,0,16,64,0,1,1,4294967295
very_grass,864,272,0,0,16,64,0,1,1,4294967295
very_grass,800,336,0,32,32,32,0,1,1,4294967295
very_grass,800,336,0,32,32,32,0,1,1,4294967295
very_grass,800,336,0,32,32,32,0,1,1,4294967295
very_grass,800,336,0,32,32,32,0,1,1,4294967295
very_grass,832,336,0,32,32,32,0,1,1,4294967295
very_grass,832,336,0,32,32,32,0,1,1,4294967295
very_grass,832,336,0,32,32,32,0,1,1,4294967295
very_grass,832,336,0,32,32,32,0,1,1,4294967295
very_grass,832,368,0,32,32,32,0,1,1,4294967295
very_grass,832,368,0,32,32,32,0,1,1,4294967295
very_grass,832,368,0,32,32,32,0,1,1,4294967295
very_grass,832,368,0,32,32,32,0,1,1,4294967295
very_grass,864,336,0,32,16,32,0,1,1,4294967295
very_grass,864,336,0,32,16,32,0,1,1,4294967295
very_grass,864,336,0,32,16,32,0,1,1,4294967295
very_grass,864,336,0,32,16,32,0,1,1,4294967295
very_grass,864,368,0,32,16,32,0,1,1,4294967295
very_grass,864,368,0,32,16,32,0,1,1,4294967295
very_grass,864,368,0,32,16,32,0,1,1,4294967295
very_grass,864,368,0,32,16,32,0,1,1,4294967295
very_grass,832,400,0,32,32,16,0,1,1,4294967295
very_grass,832,400,0,32,32,16,0,1,1,4294967295
very_grass,832,400,0,32,32,16,0,1,1,4294967295
very_grass,832,400,0,32,32,16,0,1,1,4294967295
very_grass,864,400,0,32,16,16,0,1,1,4294967295
very_grass,864,400,0,32,16,16,0,1,1,4294967295
very_grass,864,400,0,32,16,16,0,1,1,4294967295
very_grass,864,400,0,32,16,16,0,1,1,4294967295
very_grass,1056,304,0,0,32,32,0,1,1,4294967295
very_grass,416,544,0,32,32,32,0,1,1,4294967295
very_grass,448,544,0,32,32,32,0,1,1,4294967295
very_grass,480,544,0,32,32,32,0,1,1,4294967295
very_grass,512,544,0,32,32,32,0,1,1,4294967295
very_grass,416,512,0,32,32,32,0,1,1,4294967295
very_grass,448,480,0,0,16,32,0,1,1,4294967295
very_grass,432,480,16,0,16,32,0,1,1,4294967295
very_grass,512,512,0,0,32,32,0,1,1,4294967295
very_grass,480,512,0,0,32,32,0,1,1,4294967295
very_grass,464,512,16,0,16,32,0,1,1,4294967295
very_grass,448,512,0,32,16,32,0,1,1,4294967295
very_grass,1024,480,0,32,32,32,0,1,1,4294967295
very_grass,1056,480,0,32,32,32,0,1,1,4294967295
very_grass,1088,480,0,32,32,32,0,1,1,4294967295
very_grass,1024,512,0,32,32,32,0,1,1,4294967295
very_grass,1056,512,0,32,32,32,0,1,1,4294967295
very_grass,1088,512,0,32,32,32,0,1,1,4294967295
very_grass,1024,544,0,32,32,32,0,1,1,4294967295
very_grass,1056,544,0,32,32,32,0,1,1,4294967295
very_grass,1088,544,0,32,32,32,0,1,1,4294967295
very_grass,1024,576,0,32,32,32,0,1,1,4294967295
very_grass,1056,576,0,32,32,32,0,1,1,4294967295
very_grass,1088,576,0,32,32,32,0,1,1,4294967295
very_grass,1024,416,0,0,32,64,0,1,1,4294967295
very_grass,1056,416,0,0,32,64,0,1,1,4294967295
very_grass,1088,416,0,0,32,64,0,1,1,4294967295
very_grass,1136,336,0,0,32,32,0,1,1,4294967295
very_grass,1168,304,0,32,32,32,0,1,1,4294967295
very_grass,1168,336,0,32,32,32,0,1,1,4294967295
very_grass,1120,416,0,0,32,64,0,1,1,4294967295
very_grass,1152,448,0,0,32,64,0,1,1,4294967295
very_grass,1168,240,0,0,32,64,0,1,1,4294967295
very_grass,1120,96,0,0,32,64,0,1,1,4294967295
very_grass,1088,64,0,0,32,64,0,1,1,4294967295
very_grass,1184,512,0,0,32,64,0,1,1,4294967295
very_grass,1120,480,0,32,32,32,0,1,1,4294967295
very_grass,1120,512,0,32,32,32,0,1,1,4294967295
very_grass,1120,544,0,32,32,32,0,1,1,4294967295
very_grass,1120,576,0,32,32,32,0,1,1,4294967295
very_grass,1152,512,0,32,32,32,0,1,1,4294967295
very_grass,1152,544,0,32,32,32,0,1,1,4294967295
very_grass,1152,576,0,32,32,32,0,1,1,4294967295
very_grass,1184,576,0,32,32,32,0,1,1,4294967295
very_grass,1280,512,0,0,32,64,0,1,1,4294967295
very_grass,1312,512,0,0,32,64,0,1,1,4294967295
very_grass,1344,544,0,0,32,64,0,1,1,4294967295
very_grass,1376,544,0,0,32,64,0,1,1,4294967295
very_grass,1408,416,0,0,32,64,0,1,1,4294967295
very_grass,1440,416,0,0,32,64,0,1,1,4294967295
very_grass,1472,384,0,0,32,64,0,1,1,4294967295
very_grass,1504,384,0,0,32,64,0,1,1,4294967295
very_grass,1536,384,0,0,32,64,0,1,1,4294967295
very_grass,1568,384,0,0,32,64,0,1,1,4294967295
very_grass,1264,208,0,0,32,64,0,1,1,4294967295
very_grass,1296,208,0,0,32,64,0,1,1,4294967295
very_grass,1232,304,0,0,32,64,0,1,1,4294967295
very_grass,1264,272,0,32,32,32,0,1,1,4294967295
very_grass,1264,304,0,32,32,32,0,1,1,4294967295
very_grass,1264,336,0,32,32,32,0,1,1,4294967295
very_grass,1296,272,0,32,32,32,0,1,1,4294967295
very_grass,1472,448,0,32,32,32,0,1,1,4294967295
very_grass,1504,448,0,32,32,32,0,1,1,4294967295
very_grass,1536,448,0,32,32,32,0,1,1,4294967295
very_grass,1568,448,0,32,32,32,0,1,1,4294967295
very_grass,1568,480,0,32,32,32,0,1,1,4294967295
very_grass,1568,512,0,32,32,32,0,1,1,4294967295
very_grass,1568,544,0,32,32,32,0,1,1,4294967295
very_grass,1568,576,0,32,32,32,0,1,1,4294967295
very_grass,1536,576,0,32,32,32,0,1,1,4294967295
very_grass,1504,576,0,32,32,32,0,1,1,4294967295
very_grass,1472,576,0,32,32,32,0,1,1,4294967295
very_grass,1440,576,0,32,32,32,0,1,1,4294967295
very_grass,1408,576,0,32,32,32,0,1,1,4294967295
very_grass,1408,544,0,32,32,32,0,1,1,4294967295
very_grass,1408,512,0,32,32,32,0,1,1,4294967295
very_grass,1408,480,0,32,32,32,0,1,1,4294967295
very_grass,1440,480,0,32,32,32,0,1,1,4294967295
very_grass,1472,480,0,32,32,32,0,1,1,4294967295
very_grass,1504,480,0,32,32,32,0,1,1,4294967295
very_grass,1536,480,0,32,32,32,0,1,1,4294967295
very_grass,1536,512,0,32,32,32,0,1,1,4294967295
very_grass,1536,544,0,32,32,32,0,1,1,4294967295
very_grass,1504,544,0,32,32,32,0,1,1,4294967295
very_grass,1472,544,0,32,32,32,0,1,1,4294967295
very_grass,1440,544,0,32,32,32,0,1,1,4294967295
very_grass,1440,512,0,32,32,32,0,1,1,4294967295
very_grass,1472,512,0,32,32,32,0,1,1,4294967295
very_grass,1504,512,0,32,32,32,0,1,1,4294967295
very_grass,1312,576,0,32,32,32,0,1,1,4294967295
very_grass,1280,576,0,32,32,32,0,1,1,4294967295
very_grass,1216,512,0,0,16,64,0,1,1,4294967295
very_grass,1248,544,0,0,16,64,0,1,1,4294967295
very_grass,1232,544,16,0,16,64,0,1,1,4294967295
very_grass,1264,512,16,0,16,64,0,1,1,4294967295
very_grass,1216,576,0,32,16,32,0,1,1,4294967295
very_grass,1264,576,16,32,16,32,0,1,1,4294967295
