very_bgEffect1,16,288,63B4D049,0,1,1,4294967295,0,0
SpikeUp,64,336,94E30A7C,0,1,1,4294967295,0,0
SpikeUp,128,368,D081D11F,0,1,1,4294967295,0,0
SpikeRight,240,400,AF7BD207,0,1,1,4294967295,0,0
very_Leek,112,448,002F9F91,0,1,1,4294967295,270,0
SpikeUp,192,544,4DC6D2D7,0,1,1,4294967295,0,0
SpikeLeft,256,288,E389BC20,0,1,1,4294967295,0,0
SpikeDown,128,272,1F024A4C,0,1,1,4294967295,0,0
SpikeUp,208,320,E33F1A21,0,1,1,4294967295,0,0
very_Leek,163,351,3286602B,0,1,1,4294967295,90,0
very_Leek,88,352,F4DF635B,0,1,1,4294967295,22.6,0
very_Leek,288,448,BFBD9F56,0,1,1,4294967295,255,0
very_Leek,176,496,CF02F816,0,1,1,4294967295,135,0
very_Leek,184,431,250BD502,0,1,1,4294967295,315,0
very_Leek,160,496,6E6C4341,0,1,1,4294967295,315,0
SpikeUp,224,480,456903CC,0,1,1,4294967295,0,0
very_Leek,210,347,42F1A692,0,1,1,4294967295,157.4,0
SpikeRight,160,240,2394C719,0,1,1,4294967295,0,0
very_Leek,176,248,32C1279D,0,2,2,4294967295,67.4,0
SpikeDown,256,192,05069206,0,1,1,4294967295,0,0
SpikeUp,288,256,CF11A428,0,1,1,4294967295,0,0
very_Leek,289,385,73F9CE68,0,1,1,4294967295,135,0
very_Leek,322,222,C857D437,0,1,1,4294967295,315,0
SpikeUp,352,192,81FE9AE2,0,1,1,4294967295,0,0
very_Leek,335,176,B02E6379,0,1,1,4294967295,180,0
SpikeUp,352,384,C9C0E1FD,0,1,1,4294967295,0,0
SpikeUp,272,80,993501AB,0,1,1,4294967295,0,0
very_Leek,259,111,A201D9A1,0,1,1,4294967295,90,0
very_Leek,296,96,D788C3FB,0,2,2,4294967295,22.6,0
very_Leek,431,256,0D134721,0,1,1,4294967295,180,0
very_Leek,382,341,EC68D142,0,1,1,4294967295,30,0
SpikeDown,448,352,036F1A63,0,1,1,4294967295,0,0
very_Leek,455,368,6FFDE7E0,0,1,1,4294967295,202.6,0
very_LeekSpin,496,432,D8A34B8A,0,2,2,4294967295,0,1
SpikeUp,432,144,B161798A,0,1,1,4294967295,0,0
very_Leek,464,512,50CA6AC4,0,1,1,4294967295,60,0
SpikeUp,432,448,33DEF4BE,0,1,1,4294967295,0,0
very_Leek,476,241,41180EBB,0,1,1,4294967295,60,0
SpikeUp,128,176,FD0EFD7D,0,1,1,4294967295,0,0
very_Leek,115,209,AFD86598,0,1,1,4294967295,120,0
very_Leek,335,351,3E990A1F,0,1,1,4294967295,285,0
SpikeUp,544,448,77DF6672,0,1,1,4294967295,0,0
SpikeUp,608,320,64C44826,0,1,1,4294967295,0,0
very_Leek,607,368,93C5D42C,0,1,1,4294967295,180,0
very_Leek,224,240,374FECCC,0,1,1,4294967295,270,0
very_Leek,591,286,A4F24CCA,0,1,1,4294967295,255,0
SpikeDown,512,352,24A93DCB,0,1,1,4294967295,0,0
very_Leek,541,288,3FC82930,0,1,1,4294967295,105,0
very_Leek,393,416,D4C48731,0,1,1,4294967295,270,0
very_Leek,540,480,192E18AA,0,1,1,4294967295,255,0
SpikeRight,640,192,1B84F1EC,0,1,1,4294967295,0,0
very_Leek,633,160,F1FBC882,0,1,1,4294967295,285,0
very_Leek,685,321,89B59ACB,0,1,1,4294967295,60,0
very_Leek,724,388,6896A9C6,0,2,2,4294967295,45,0
SpikeUp,784,416,03CD9107,0,1,1,4294967295,0,0
very_Leek,672,320,6ECB41DA,0,2,2,4294967295,90,0
very_Leek,736,288,2120D9B4,0,2,2,4294967295,90,0
SpikeUp,736,112,BAD7D6C5,0,1,1,4294967295,0,0
SpikeLeft,768,272,77AEC5A7,0,1,1,4294967295,0,0
very_Leek,96,270,68B32391,0,1,1,4294967295,240,0
very_Leek,803,271,1A3C9AE1,0,1,1,4294967295,90,0
very_Leek,802,144,9E59772D,0,1,1,4294967295,270,0
very_Leek,756,120,7BAE2580,0,1,1,4294967295,22.6,0
SpikeUp,800,80,E069C718,0,1,1,4294967295,0,0
SpikeUp,816,240,A51C60B3,0,1,1,4294967295,0,0
very_Leek,873,192,6140BCAF,0,2,2,4294967295,270,0
SpikeUp,848,80,B5157DB7,0,1,1,4294967295,0,0
very_Leek,840,111,BD9A87FC,0,2,2,4294967295,90,0
very_LeekSpin,704,96,C037886E,0,2,2,4294967295,180,1
very_Leek,896,176,FAF03C09,0,1,1,4294967295,0,0
very_Leek,927,160,A0A884BA,0,1,1,4294967295,180,0
very_Leek,930,208,47787E66,0,1,1,4294967295,270,0
very_Leek,916,337,E14FB1C3,0,1,1,4294967295,120,0
SpikeUp,928,112,2B6FBBDA,0,1,1,4294967295,0,0
very_Leek,916,451,9D9C3DC3,0,2,2,4294967295,135,0
very_Leek,926,339,EA9550FD,0,1,1,4294967295,30,0
SpikeRight,944,336,320706A5,0,1,1,4294967295,0,0
very_Leek,952,364,90DA814D,0,1,1,4294967295,296.6,0
SpikeUp,928,448,22AE3866,0,1,1,4294967295,0,0
SpikeUp,816,480,93EB7F0A,0,1,1,4294967295,0,0
SpikeUp,896,512,04ADF106,0,1,1,4294967295,0,0
very_Leek,852,548,64CA4DC8,0,2,2,4294967295,60,0
SpikeUp,976,80,E7CBF9F5,0,1,1,4294967295,0,0
very_Leek,978,117,6A458FBC,0,1,1,4294967295,135,0
very_Leek,1034,111,FBB0A9F2,0,2,2,4294967295,90,0
very_Leek,1045,422,D6A470B6,0,2,2,4294967295,120,0
very_Leek,1027,439,39FFEE41,0,1,1,4294967295,120,0
SpikeDown,1056,336,F7C6B1A7,0,1,1,4294967295,0,0
very_Leek,981,450,0DA96193,0,1,1,4294967295,45,0
very_Leek,976,336,4A3BD78F,0,1,1,4294967295,15,0
very_Leek,1059,303,0277C515,0,1,1,4294967295,90,0
very_Leek,1104,316,54E119FD,0,1,1,4294967295,300,0
very_Leek,1086,418,47ED4D9E,0,1,1,4294967295,60,0
very_Leek,1085,303,E1D5FB97,0,1,1,4294967295,90,0
very_Leek,1144,288,1091945D,0,1,1,4294967295,135,0
SpikeLeft,1136,240,511A4CD6,0,1,1,4294967295,0,0
very_Leek,1152,368,1A86959D,0,1,1,4294967295,270,0
very_Leek,1071,164,F0A066FA,0,1,1,4294967295,270,0
SpikeUp,1168,208,0845467E,0,1,1,4294967295,0,0
SpikeDown,1088,128,6B8238F1,0,1,1,4294967295,0,0
very_Leek,1136,96,5A6C2116,0,1,1,4294967295,75,0
very_Leek,1235,305,4FB3E548,0,1,1,4294967295,120,0
very_Leek,1197,334,0198DFAF,0,1,1,4294967295,300,0
SpikeUp,1264,176,D6E151AE,0,1,1,4294967295,0,0
very_Leek,1127,160,F0E7FE33,0,1,1,4294967295,270,0
SpikeUp,1104,384,4A8E160E,0,1,1,4294967295,0,0
SpikeUp,1152,416,DC8D0C1D,0,1,1,4294967295,0,0
SpikeUp,1200,480,058D1021,0,1,1,4294967295,0,0
very_Leek,1248,368,8E379E18,0,2,2,4294967295,270,0
SpikeUp,1264,480,2BB62014,0,1,1,4294967295,0,0
very_LeekSpin,1328,464,72180D32,0,2,2,4294967295,0,1
very_Leek,1440,416,62C7F15F,0,6,6,4294967295,90,0
very_Leek,1344,544,5DBB499F,0,1,1,4294967295,45,0
SpikeUp,1376,512,6E009FF2,0,1,1,4294967295,0,0
very_Leek,1376,369,1F423858,0,2,2,4294967295,90,0
very_Leek,1480,383,20193207,0,1,1,4294967295,90,0
very_Leek,1544,384,B07EBB84,0,3,3,4294967295,90,0
very_Leek,1301,211,C020D427,0,1,1,4294967295,30,0
very_Leek,1520,192,48373252,0,2,2,4294967295,135,0
very_Leek,1360,192,E19F58E1,0,2,2,4294967295,45,0
very_Leek,1411,448,155C1D22,0,1,1,4294967295,120,0
very_Leek,1248,544,AEC9FC85,0,1,1,4294967295,90,0
Block,0,400,28C182E8,0,3,3.5,4294967295,0,0
Block,64,368,15261B4B,0,1,1,4294967295,0,0
Block,128,400,95FE6621,0,1,1,4294967295,0,0
Block,256,480,0B65E797,0,2,1,4294967295,0,0
Block,288,384,42924D19,0,1,3,4294967295,0,0
Block,224,512,54F82D41,0,5,3,4294967295,0,0
Block,0,512,4765596E,0,2,3,4294967295,0,0
Block,192,576,4B3ABEE8,0,1,1,4294967295,0,0
Block,80,208,FC3D9E1F,0,2.5,2,4294967295,0,0
Block,160,352,4AA80AAF,0,2.5,2.5,4294967295,0,0
Block,288,288,4F944203,0,1,1,4294967295,0,0
Block,320,288,BEAC127F,0,2,2,4294967295,0,0
Block,256,112,791AD797,0,1.5,2.5,4294967295,0,0
Block,352,224,3A1D5FED,0,1,2,4294967295,0,0
Block,320,416,B905371E,0,2,3,4294967295,0,0
Block,384,480,ACE05618,0,2.5,4,4294967295,0,0
Block,384,448,4D098567,0,1.5,1,4294967295,0,0
Block,464,512,EA0D23A1,0,2.5,3,4294967295,0,0
Block,432,240,432F3B27,0,1.5,3.5,4294967295,0,0
Block,544,480,A577B972,0,2.5,4,4294967295,0,0
Block,576,416,E5913FB5,0,2.5,2,4294967295,0,0
Block,608,352,F0FB5B0C,0,1,2,4294967295,0,0
Block,640,320,F90542FA,0,1.5,3,4294967295,0,0
Block,576,224,D368AD68,0,2,2,4294967295,0,0
Block,512,288,C5C60E7D,0,1,2,4294967295,0,0
Block,432,176,CFAC0672,0,1,2,4294967295,0,0
Block,608,192,930A5DDD,0,1,1,4294967295,0,0
Block,720,384,8BE4D785,0,1,2,4294967295,0,0
Block,656,416,59DD19DF,0,1,1,4294967295,0,0
Block,624,480,2DCA2E25,0,1,2,4294967295,0,0
Block,752,544,0160A97A,0,26.5,2,4294967295,0,0
Block,720,144,FBB9EE3A,0,1.5,2.5,4294967295,0,0
Block,800,272,A2C7D809,0,2.5,3,4294967295,0,0
Block,800,112,EF892168,0,1,1,4294967295,0,0
Block,832,112,3D7115E9,0,1.5,2.5,4294967295,0,0
Block,832,368,A56109A3,0,1.5,1.5,4294967295,0,0
Block,928,144,7F17375D,0,1.5,2,4294967295,0,0
Block,912,336,53B2AC0E,0,1,1,4294967295,0,0
Block,976,272,C73CC141,0,1,1,4294967295,0,0
Block,816,512,873F381A,0,1,1,4294967295,0,0
Block,928,512,5D779E4C,0,9.5,1,4294967295,0,0
Block,976,112,3E0B7E13,0,2,5,4294967295,0,0
Block,928,480,C67B1F02,0,8,1,4294967295,0,0
Block,960,448,C13344E6,0,7,1,4294967295,0,0
Block,1024,416,D91C8641,0,4,1,4294967295,0,0
Block,720,448,282773C2,0,3,3,4294967295,0,0
Block,1056,304,C788DD8F,0,1,1,4294967295,0,0
Block,1136,336,B7D2D9F0,0,1,1,4294967295,0,0
Block,1168,240,48FDD468,0,1,4,4294967295,0,0
Block,1120,96,45A01C15,0,1,2,4294967295,0,0
Block,1088,64,0825BFA2,0,1,2,4294967295,0,0
Block,1232,304,D76674A1,0,2,2,4294967295,0,0
Block,1264,208,83B55CB8,0,2,3,4294967295,0,0
Block,1408,416,CF8595A8,0,6,4,4294967295,0,0
Block,1472,384,FFF142E4,0,4,1,4294967295,0,0
Block,1264,512,0F8EEDBE,0,2.5,1,4294967295,0,0
PlayerStart,0,368,23E577DF,0,1,1,4294967295,0,0
Platform,120,488,719EEC7A,0,2,1,4294967295,270,0
Platform,191,272,EBFC20B3,0,1,1,4294967295,270,0
Platform,319,112,0B632EEB,0,1.5,1,4294967295,270,0
SaveHard,32,368,B4312DDB,0,1,1,4294967295,0,0
Camera,16,320,CDD3E4A4,0,1,1,4294967295,0,1
SaveHard,752,416,955F7979,0,1,1,4294967295,0,0
Platform,768,304,A11C4621,0,1,1,4294967295,0,0
Platform,810,184,F85B67C2,0,1.5,1,4294967295,270,0
Platform,938,248,1285C577,0,2,1,4294967295,270,0
Platform,1079,208,1466B358,0,1,1,4294967295,270,0
Platform,1399,264,1571E1CB,0,1,1,4294967295,270,0
MusicPlayer,48,288,BD661D7D,0,1,1,4294967295,0,1
