background37_block,336,0,0,0,32,32,0,1,1,4294967295
background37_block,368,0,0,0,32,32,0,1,1,4294967295
background37_block,368,32,0,0,32,32,0,1,1,4294967295
background37_block,432,-16,0,0,32,32,0,1,1,4294967295
background37_block,336,96,0,0,32,32,0,1,1,4294967295
background37_block,240,112,0,0,32,32,0,1,1,4294967295
background37_block,240,144,0,0,32,32,0,1,1,4294967295
background37_block,128,112,0,0,32,32,0,1,1,4294967295
background37_block,96,192,0,0,32,32,0,1,1,4294967295
background37_block,64,192,0,0,32,32,0,1,1,4294967295
background37_block,64,224,0,0,32,32,0,1,1,4294967295
background37_block,64,256,0,0,32,32,0,1,1,4294967295
background37_block,256,224,0,0,32,32,0,1,1,4294967295
background37_block,256,256,0,0,32,32,0,1,1,4294967295
background37_block,256,288,0,0,32,32,0,1,1,4294967295
background37_block,112,320,0,0,32,32,0,1,1,4294967295
background37_block,112,352,0,0,32,32,0,1,1,4294967295
background37_block,16,416,0,0,32,32,0,1,1,4294967295
background37_block,48,416,0,0,32,32,0,1,1,4294967295
background37_block,112,448,0,0,32,32,0,1,1,4294967295
background37_block,112,480,0,0,32,32,0,1,1,4294967295
background37_block,112,512,0,0,32,32,0,1,1,4294967295
background37_block,16,544,0,0,32,32,0,1,1,4294967295
background37_block,16,576,0,0,32,32,0,1,1,4294967295
background37_block,48,576,0,0,32,32,0,1,1,4294967295
background37_block,208,576,0,0,32,32,0,1,1,4294967295
background37_block,240,576,0,0,32,32,0,1,1,4294967295
background37_block,224,384,0,0,32,32,0,1,1,4294967295
background37_block,256,384,0,0,32,32,0,1,1,4294967295
background37_block,224,416,0,0,32,32,0,1,1,4294967295
background37_block,224,448,0,0,32,32,0,1,1,4294967295
background37_block,320,448,0,0,32,32,0,1,1,4294967295
background37_block,320,480,0,0,32,32,0,1,1,4294967295
background37_block,352,480,0,0,32,32,0,1,1,4294967295
background37_block,320,576,0,0,32,32,0,1,1,4294967295
background37_block,416,384,0,0,32,32,0,1,1,4294967295
background37_block,448,384,0,0,32,32,0,1,1,4294967295
background37_block,320,288,0,0,32,32,0,1,1,4294967295
background37_block,352,288,0,0,32,32,0,1,1,4294967295
background37_block,384,288,0,0,32,32,0,1,1,4294967295
background37_block,480,480,0,0,32,32,0,1,1,4294967295
background37_block,512,288,0,0,32,32,0,1,1,4294967295
background37_block,512,320,0,0,32,32,0,1,1,4294967295
background37_block,512,352,0,0,32,32,0,1,1,4294967295
background37_block,544,352,0,0,32,32,0,1,1,4294967295
background37_block,544,320,0,0,32,32,0,1,1,4294967295
background37_block,544,288,0,0,32,32,0,1,1,4294967295
background37_block,576,288,0,0,32,32,0,1,1,4294967295
background37_block,576,320,0,0,32,32,0,1,1,4294967295
background37_block,608,288,0,0,32,32,0,1,1,4294967295
background37_block,608,256,0,0,32,32,0,1,1,4294967295
background37_block,608,224,0,0,32,32,0,1,1,4294967295
background37_block,608,432,0,0,32,32,0,1,1,4294967295
background37_block,640,432,0,0,32,32,0,1,1,4294967295
background37_block,672,432,0,0,32,32,0,1,1,4294967295
background37_block,704,432,0,0,32,32,0,1,1,4294967295
background37_block,736,432,0,0,32,32,0,1,1,4294967295
background37_block,736,400,0,0,32,32,0,1,1,4294967295
background37_block,704,400,0,0,32,32,0,1,1,4294967295
background37_block,672,400,0,0,32,32,0,1,1,4294967295
background37_block,640,400,0,0,32,32,0,1,1,4294967295
background37_block,704,368,0,0,32,32,0,1,1,4294967295
background37_block,672,272,0,0,32,32,0,1,1,4294967295
background37_block,752,224,0,0,32,32,0,1,1,4294967295
background37_block,784,224,0,0,32,32,0,1,1,4294967295
background37_block,784,192,0,0,32,32,0,1,1,4294967295
background37_block,784,256,0,0,32,32,0,1,1,4294967295
background37_block,720,96,0,0,32,32,0,1,1,4294967295
background37_block,688,96,0,0,32,32,0,1,1,4294967295
background37_block,688,64,0,0,32,32,0,1,1,4294967295
background37_block,656,64,0,0,32,32,0,1,1,4294967295
background37_block,656,32,0,0,32,32,0,1,1,4294967295
background37_block,656,0,0,0,32,32,0,1,1,4294967295
