SpikeUp,784,160,2BA32BEE,0,1,1,4294967295,0,0
SpikeRight,768,0,CF22B3BA,0,1,1,4294967295,0,0
SpikeLeft,736,0,ED4BCA7C,0,1,1,4294967295,0,0
SpikeUp,720,64,0240FBE4,0,1,1,4294967295,0,0
SpikeLeft,720,224,072E82C9,0,1,1,4294967295,0,0
SpikeUp,752,192,D05DEE51,0,1,1,4294967295,0,0
SpikeDown,720,128,0187A811,0,1,1,4294967295,0,0
SpikeDown,704,160,9FE27E4E,0,1,1,4294967295,0,0
SpikeDown,688,128,5D09CFA6,0,1,1,4294967295,0,0
SpikeLeft,656,96,3482994E,0,1,1,4294967295,0,0
SpikeLeft,752,256,D79213B9,0,1,1,4294967295,0,0
SpikeUp,704,336,7E4E7A34,0,1,1,4294967295,0,0
SpikeDown,672,304,311B98C0,0,1,1,4294967295,0,0
SpikeUp,672,368,50E6D299,0,1,1,4294967295,0,0
SpikeDown,544,384,06EA07D2,0,1,1,4294967295,0,0
SpikeLeft,576,432,9AA5A27E,0,1,1,4294967295,0,0
SpikeUp,608,192,47BAD6C0,0,1,1,4294967295,0,0
SpikeUp,576,256,62EF7031,0,1,1,4294967295,0,0
SpikeRight,608,320,A46798B0,0,1,1,4294967295,0,0
SpikeUp,608,400,25C5D85A,0,1,1,4294967295,0,0
SpikeRight,576,352,B9E80C2C,0,1,1,4294967295,0,0
SpikeDown,432,16,3926E456,0,1,1,4294967295,0,0
SpikeLeft,400,-16,DDCDA6E8,0,1,1,4294967295,0,0
SpikeRight,368,96,B907807B,0,1,1,4294967295,0,0
SpikeLeft,304,0,0924BA5D,0,1,1,4294967295,0,0
SpikeDown,240,0,D6061183,0,1,1,4294967295,0,0
SpikeUp,256,192,9988F4BD,0,1,1,4294967295,0,0
SpikeUp,240,80,BC764794,0,1,1,4294967295,0,0
SpikeLeft,208,112,44E887A6,0,1,1,4294967295,0,0
SpikeRight,128,32,03378011,0,1,1,4294967295,0,0
SpikeLeft,96,32,F864E487,0,1,1,4294967295,0,0
SpikeLeft,96,112,E2A5140F,0,1,1,4294967295,0,0
SpikeUp,64,160,3DCE889A,0,1,1,4294967295,0,0
SpikeLeft,112,256,7F203954,0,1,1,4294967295,0,0
SpikeRight,144,256,4CD5527B,0,1,1,4294967295,0,0
SpikeLeft,80,352,02C4A4F3,0,1,1,4294967295,0,0
SpikeRight,144,352,0F512CAD,0,1,1,4294967295,0,0
SpikeLeft,224,288,8B475516,0,1,1,4294967295,0,0
SpikeUp,224,352,1C667FBE,0,1,1,4294967295,0,0
SpikeUp,48,384,19A55E19,0,1,1,4294967295,0,0
SpikeUp,16,384,54F20619,0,1,1,4294967295,0,0
SpikeDown,48,448,9EDC9840,0,1,1,4294967295,0,0
SpikeRight,176,448,25B01501,0,1,1,4294967295,0,0
SpikeLeft,144,448,0A0E9DC7,0,1,1,4294967295,0,0
SpikeUp,16,512,6EDF322A,0,1,1,4294967295,0,0
SpikeLeft,80,480,D1B47CC4,0,1,1,4294967295,0,0
SpikeDown,448,416,742E55CA,0,1,1,4294967295,0,0
SpikeUp,320,416,DAF92D81,0,1,1,4294967295,0,0
SpikeLeft,288,464,909CE078,0,1,1,4294967295,0,0
SpikeUp,208,544,3640C125,0,1,1,4294967295,0,0
SpikeUp,240,544,0819AE61,0,1,1,4294967295,0,0
SpikeDown,224,480,AF76D66A,0,1,1,4294967295,0,0
SpikeRight,256,416,6C74AF6C,0,1,1,4294967295,0,0
SpikeUp,352,448,E1385EB7,0,1,1,4294967295,0,0
SpikeUp,352,576,6A308FF7,0,1,1,4294967295,0,0
SpikeUp,384,576,7A41A397,0,1,1,4294967295,0,0
SpikeDown,384,320,94A851BC,0,1,1,4294967295,0,0
SpikeRight,544,176,002EC3B5,0,1,1,4294967295,0,0
SpikeLeft,512,176,4E739BE1,0,1,1,4294967295,0,0
SpikeUp,512,256,73401D99,0,1,1,4294967295,0,0
SpikeUp,448,352,13BE2810,0,1,1,4294967295,0,0
SpikeRight,416,288,6BF444E0,0,1,1,4294967295,0,0
SpikeRight,384,480,4D4CE388,0,1,1,4294967295,0,0
SpikeLeft,384,384,FEA858F8,0,1,1,4294967295,0,0
SpikeDown,416,416,654A8B8C,0,1,1,4294967295,0,0
SpikeUp,480,448,6761D7C1,0,1,1,4294967295,0,0
SpikeUp,416,352,01E84A1E,0,1,1,4294967295,0,0
SpikeUp,320,256,975C7F51,0,1,1,4294967295,0,0
SpikeRight,416,192,63AE7CB8,0,1,1,4294967295,0,0
SpikeLeft,384,192,8797677D,0,1,1,4294967295,0,0
SpikeUp,384,256,C7F4AC9A,0,1,1,4294967295,0,0
Block,784,192,B8C99D62,0,1,1,4294967295,0,0
Block,656,0,9787C2C9,0,1,1,4294967295,0,0
Block,656,32,17E511AB,0,1,1,4294967295,0,0
Block,656,64,82A13678,0,1,1,4294967295,0,0
Block,688,64,2DB95374,0,1,1,4294967295,0,0
Block,720,96,6E2CAA9F,0,1,1,4294967295,0,0
Block,688,96,4A98C24E,0,1,1,4294967295,0,0
Block,784,224,C57BFA68,0,1,1,4294967295,0,0
Block,752,224,66924910,0,1,1,4294967295,0,0
Block,784,256,6074DCD5,0,1,1,4294967295,0,0
Block,704,368,C7F54E9A,0,1,1,4294967295,0,0
Block,672,272,9EE42FE2,0,1,1,4294967295,0,0
Block,736,432,02A1AA0A,0,1,1,4294967295,0,0
Block,704,432,CCD68358,0,1,1,4294967295,0,0
Block,672,432,2079967C,0,1,1,4294967295,0,0
Block,672,400,E620A4C3,0,1,1,4294967295,0,0
Block,704,400,3BDAC6FD,0,1,1,4294967295,0,0
Block,736,400,BFFBA751,0,1,1,4294967295,0,0
Block,608,224,9C370271,0,1,1,4294967295,0,0
Block,608,256,A9F3E407,0,1,1,4294967295,0,0
Block,608,288,923663F3,0,1,1,4294967295,0,0
Block,576,288,870AFF14,0,1,1,4294967295,0,0
Block,608,432,B0692EFB,0,1,1,4294967295,0,0
Block,640,432,C26F57A4,0,1,1,4294967295,0,0
Block,640,400,53988DFD,0,1,1,4294967295,0,0
Block,544,352,467BDEF1,0,1,1,4294967295,0,0
Block,512,352,C520DCC0,0,1,1,4294967295,0,0
Block,432,-16,4DE804F9,0,1,1,4294967295,0,0
Block,368,0,22B8534E,0,1,1,4294967295,0,0
Block,368,32,5C329591,0,1,1,4294967295,0,0
Block,336,0,62552289,0,1,1,4294967295,0,0
Block,336,96,3B3EDF54,0,1,1,4294967295,0,0
Block,240,144,2C385B2C,0,1,1,4294967295,0,0
Block,240,112,EE86219B,0,1,1,4294967295,0,0
Block,128,112,C5D88D30,0,1,1,4294967295,0,0
Block,64,256,89B3664C,0,1,1,4294967295,0,0
Block,64,224,189F403F,0,1,1,4294967295,0,0
Block,64,192,4F2B5EE0,0,1,1,4294967295,0,0
Block,96,192,95419FC5,0,1,1,4294967295,0,0
Block,112,320,58062964,0,1,1,4294967295,0,0
Block,112,352,364C22E4,0,1,1,4294967295,0,0
Block,256,224,C513A36D,0,1,1,4294967295,0,0
Block,256,256,334D3DA9,0,1,1,4294967295,0,0
Block,256,288,AC07219A,0,1,1,4294967295,0,0
Block,256,384,3094564C,0,1,1,4294967295,0,0
Block,224,384,B6D36748,0,1,1,4294967295,0,0
Block,16,416,4963A3E3,0,1,1,4294967295,0,0
Block,48,416,864568B6,0,1,1,4294967295,0,0
Block,16,576,69A656E9,0,1,1,4294967295,0,0
Block,16,544,5A3D9DC5,0,1,1,4294967295,0,0
Block,48,576,0900344B,0,1,1,4294967295,0,0
Block,112,448,0D7D92FE,0,1,1,4294967295,0,0
Block,112,480,8BA50321,0,1,1,4294967295,0,0
Block,112,512,0A812342,0,1,1,4294967295,0,0
Block,208,576,5268B52D,0,1,1,4294967295,0,0
Block,240,576,44CC2360,0,1,1,4294967295,0,0
Block,224,448,ED7F61EF,0,1,1,4294967295,0,0
Block,224,416,21619948,0,1,1,4294967295,0,0
Block,320,576,78B61188,0,1,1,4294967295,0,0
Block,544,288,64EF6A79,0,1,1,4294967295,0,0
Block,512,288,4D05EBDE,0,1,1,4294967295,0,0
Block,512,320,1BCC579C,0,1,1,4294967295,0,0
Block,416,384,4AFD9B1E,0,1,1,4294967295,0,0
Block,448,384,85B225BE,0,1,1,4294967295,0,0
Block,320,480,0202102F,0,1,1,4294967295,0,0
Block,320,448,342367FD,0,1,1,4294967295,0,0
Block,352,480,F028B716,0,1,1,4294967295,0,0
Block,480,480,C0AE5EB1,0,1,1,4294967295,0,0
Block,576,320,FD29D5A6,0,1,1,4294967295,0,0
Block,544,320,EA52CD57,0,1,1,4294967295,0,0
Block,320,288,7D273287,0,1,1,4294967295,0,0
Block,384,288,516E5C4F,0,1,1,4294967295,0,0
Block,352,288,79F154E8,0,1,1,4294967295,0,0
VineLeft,720,96,128CF7CE,0,1,1,4294967295,0,0
VineLeft,480,480,900E2676,0,1,1,4294967295,0,0
VineLeft,368,16,A8185456,0,1,1,4294967295,0,0
VineLeft,112,480,A96C10B5,0,1,1,4294967295,0,0
VineLeft,112,512,4554D22B,0,1,1,4294967295,0,0
Platform,400,32,19695D4A,0,1,1,4294967295,0,0
Platform,144,480,DE7FE27C,0,1,1,4294967295,0,0
PlayerStart,352,256,AE781CD0,0,1,1,4294967295,0,0
Cherry,288,336,521C855F,0,1,1,4294967295,0,0
Warp,688,0,58DB0CFF,0,1,1,4294967295,0,0
Cherry,656,144,7ED6A744,0,1,1,4294967295,0,0
Cherry,656,288,394989C5,0,1,1,4294967295,0,0
Cherry,752,336,B37BEC2F,0,1,1,4294967295,0,0
Cherry,640,176,C96DB11D,0,1,1,4294967295,0,0
Cherry,80,96,65B54AC1,0,1,1,4294967295,0,0
Cherry,304,304,1035D0C4,0,1,1,4294967295,0,0
Cherry,144,592,D6B18771,0,1,1,4294967295,0,0
Cherry,464,288,A9063ECF,0,1,1,4294967295,0,0
SaveVeryHard,352,256,163A81F4,0,1,1,4294967295,0,0
Cherry,368,208,0CDA2F5A,0,1,1,4294967295,0,0
SaveVeryHard,256,352,8EA30E13,0,1,1,4294967295,0,0
Water,720,160,5F413FED,0,1,1,4294967295,0,0
Water,720,128,1F8570A0,0,1,1,4294967295,0,0
