SpikeUp,416,400,AFA36D81,0,1,1,4294967295,0,0
SpikeLeft,416,320,AD97C224,0,1,1,4294967295,0,0
SpikeLeft,352,288,364195DF,0,1,1,4294967295,0,0
SpikeRight,320,336,4ABD6A48,0,1,1,4294967295,0,0
SpikeDown,288,368,D1378C9C,0,1,1,4294967295,0,0
SpikeUp,256,336,12EDC230,0,1,1,4294967295,0,0
MiniSpikeUp,304,256,2093F73E,0,1,1,4294967295,0,0
MiniSpikeUp,288,256,808BEE96,0,1,1,4294967295,0,0
SpikeRight,288,176,62C49C4E,0,1,1,4294967295,0,0
SpikeLeft,240,208,FE7D15A0,0,1,1,4294967295,0,0
SpikeUp,240,128,3C62C849,0,1,1,4294967295,0,0
SpikeLeft,208,192,F7FBFA7C,0,1,1,4294967295,0,0
SpikeRight,176,272,331ED6C4,0,1,1,4294967295,0,0
SpikeUp,96,288,DD70D2FB,0,1,1,4294967295,0,0
SpikeUp,80,224,938BA7CE,0,1,1,4294967295,0,0
SpikeUp,48,176,015DBDBB,0,1,1,4294967295,0,0
SpikeRight,32,112,EC4206D7,0,1,1,4294967295,0,0
SpikeUp,32,320,CF9BF8CF,0,1,1,4294967295,0,0
SpikeDown,0,240,19E18922,0,1,1,4294967295,0,0
SpikeUp,96,400,E8ACF000,0,1,1,4294967295,0,0
SpikeLeft,64,480,9E5E8B5A,0,1,1,4294967295,0,0
SpikeUp,160,400,67FAD3B0,0,1,1,4294967295,0,0
SpikeDown,176,336,42440977,0,1,1,4294967295,0,0
SpikeUp,208,464,96E242C3,0,1,1,4294967295,0,0
MiniSpikeUp,384,384,069BE13E,0,1,1,4294967295,0,0
MiniSpikeUp,400,384,D1731912,0,1,1,4294967295,0,0
SpikeLeft,352,400,CD2D89BD,0,1,1,4294967295,0,0
SpikeUp,384,224,447CDC4B,0,1,1,4294967295,0,0
SpikeUp,368,144,4705502F,0,1,1,4294967295,0,0
MiniSpikeDown,384,320,CF600B3A,0,1,1,4294967295,0,0
MiniSpikeDown,400,320,1AF3EB17,0,1,1,4294967295,0,0
MiniSpikeRight,240,416,DFB47952,0,1,1,4294967295,0,0
MiniSpikeLeft,224,416,0769ED06,0,1,1,4294967295,0,0
MiniSpikeUp,224,384,46C88266,0,1,1,4294967295,0,0
MiniSpikeUp,288,416,666DA443,0,1,1,4294967295,0,0
MiniSpikeUp,304,416,DA58E644,0,1,1,4294967295,0,0
SpikeUp,352,496,54F6A66A,0,1,1,4294967295,0,0
SpikeDown,416,464,E051A3A3,0,1,1,4294967295,0,0
SpikeDown,432,544,56719AB4,0,1,1,4294967295,0,0
SpikeUp,464,512,806E9E8C,0,1,1,4294967295,0,0
SpikeUp,432,576,893AB487,0,1,1,4294967295,0,0
SpikeLeft,512,496,2AA2ADBD,0,1,1,4294967295,0,0
SpikeLeft,512,560,0CECDB6A,0,1,1,4294967295,0,0
SpikeUp,480,368,08D5F279,0,1,1,4294967295,0,0
MiniSpikeUp,544,480,EF1ED25D,0,1,1,4294967295,0,0
SpikeUp,576,496,6184B44E,0,1,1,4294967295,0,0
SpikeRight,592,368,EE37DF7D,0,1,1,4294967295,0,0
SpikeUp,560,336,222D04F6,0,1,1,4294967295,0,0
SpikeLeft,608,304,F45E232F,0,1,1,4294967295,0,0
MiniSpikeUp,544,320,0AF1B3D7,0,1,1,4294967295,0,0
SpikeLeft,544,240,28E90990,0,1,1,4294967295,0,0
SpikeRight,576,240,FBDFC7B3,0,1,1,4294967295,0,0
MiniSpikeUp,416,272,FBBA8CCC,0,1,1,4294967295,0,0
SpikeUp,432,256,5A2C1893,0,1,1,4294967295,0,0
SpikeUp,384,48,ECA6F4C2,0,1,1,4294967295,0,0
SpikeLeft,448,192,A09AEFD7,0,1,1,4294967295,0,0
SpikeLeft,416,160,CFCEB506,0,1,1,4294967295,0,0
SpikeUp,448,128,DFCF24FB,0,1,1,4294967295,0,0
MiniSpikeUp,480,144,EE0F0159,0,1,1,4294967295,0,0
SpikeRight,496,192,8EA96115,0,1,1,4294967295,0,0
MiniSpikeUp,528,192,43362BCA,0,1,1,4294967295,0,0
SpikeDown,528,48,70E53019,0,1,1,4294967295,0,0
SpikeDown,576,144,0D9F8CCF,0,1,1,4294967295,0,0
SpikeRight,640,80,298DC2E3,0,1,1,4294967295,0,0
SpikeUp,608,48,5D529CEC,0,1,1,4294967295,0,0
SpikeUp,576,80,51A07B3B,0,1,1,4294967295,0,0
SpikeDown,656,0,27309AE9,0,1,1,4294967295,0,0
MiniSpikeUp,752,160,91540C94,0,1,1,4294967295,0,0
MiniSpikeUp,752,160,E7784FA1,0,1,1,4294967295,0,0
SpikeUp,784,192,A71A1C94,0,1,1,4294967295,0,0
SpikeLeft,752,288,CFF8422B,0,1,1,4294967295,0,0
SpikeLeft,720,192,00197379,0,1,1,4294967295,0,0
SpikeUp,640,208,F06C13E4,0,1,1,4294967295,0,0
SpikeRight,736,400,D9C6CD93,0,1,1,4294967295,0,0
SpikeUp,704,336,79F876E2,0,1,1,4294967295,0,0
SpikeUp,768,480,4FAC255F,0,1,1,4294967295,0,0
SpikeDown,688,432,A988A084,0,1,1,4294967295,0,0
SpikeUp,688,400,520C0644,0,1,1,4294967295,0,0
SpikeUp,0,80,9B844E9D,0,1,1,4294967295,0,0
SpikeUp,128,96,003ED7FE,0,1,1,4294967295,0,0
Block,480,400,63BCEC90,0,1,1,4294967295,0,0
Block,384,400,30CF22EC,0,1,0.5,4294967295,0,0
Block,384,416,03F68504,0,1,0.5,4294967295,0,0
Block,384,432,C79C4D83,0,2,0.5,4294967295,0,0
Block,448,432,78922BD6,0,2,1,4294967295,0,0
Block,384,288,01CB9B5C,0,1,1,4294967295,0,0
Block,416,288,34259D84,0,1,1,4294967295,0,0
Block,448,288,C8909375,0,0.5,2,4294967295,0,0
Block,288,272,2897089B,0,1,1,4294967295,0,0
Block,240,192,8F1A5165,0,1,1,4294967295,0,0
Block,240,160,0396ADFC,0,1,1,4294967295,0,0
Block,144,240,0BB2C89C,0,1,1,4294967295,0,0
Block,160,272,545D6D0B,0,0.5,2,4294967295,0,0
Block,176,304,738797FA,0,1,1,4294967295,0,0
Block,80,256,A901606D,0,1,1,4294967295,0,0
Block,80,288,A95DD74E,0,1,1,4294967295,0,0
Block,80,320,7414B6DA,0,1.5,0.5,4294967295,0,0
Block,128,160,4D8764A6,0,0.5,1,4294967295,0,0
Block,128,128,53C39AE7,0,1,1,4294967295,0,0
Block,48,208,0033ECB2,0,1,1,4294967295,0,0
Block,48,240,CBCF014F,0,1,1,4294967295,0,0
Block,0,112,FA0F2290,0,1,3,4294967295,0,0
Block,0,208,87B856ED,0,1,1,4294967295,0,0
Block,32,352,9828B527,0,1,1,4294967295,0,0
Block,32,384,2162823D,0,1,1,4294967295,0,0
Block,96,432,2F2957CA,0,1,1,4294967295,0,0
Block,96,464,C8163C75,0,0.5,1.5,4294967295,0,0
Block,160,432,C82E9682,0,1,1,4294967295,0,0
Block,160,464,5318CFA3,0,1,1,4294967295,0,0
Block,208,496,69E1AB83,0,1,1,4294967295,0,0
Block,208,528,C7347413,0,1,1,4294967295,0,0
Block,176,528,4FD516BD,0,1,1,4294967295,0,0
Block,384,256,F64938A1,0,1,1,4294967295,0,0
Block,368,176,57584C95,0,1,1,4294967295,0,0
Block,224,400,F546D591,0,0.5,0.75,4294967295,0,0
Block,288,496,761523FC,0,1,0.5,4294967295,0,0
Block,288,464,C011E042,0,1,1,4294967295,0,0
Block,288,432,D448DE33,0,1,1,4294967295,0,0
Block,384,448,41A3506C,0,2,0.5,4294967295,0,0
Block,288,576,4FA08090,0,1,1,4294967295,0,0
Block,352,528,29C6ADB1,0,1,1,4294967295,0,0
Block,352,560,C511970A,0,1,1,4294967295,0,0
Block,352,592,2965B882,0,1,1,4294967295,0,0
Block,512,512,1C455EC0,0,1,1,4294967295,0,0
Block,512,544,DDE46C8A,0,1,1,4294967295,0,0
Block,544,496,23466652,0,0.5,3,4294967295,0,0
Block,576,528,EEB97869,0,1,1,4294967295,0,0
Block,560,560,0069C11D,0,1.5,1,4294967295,0,0
Block,560,400,39646D68,0,1,1,4294967295,0,0
Block,544,336,C0FA3056,0,0.5,3,4294967295,0,0
Block,640,304,85E67CE8,0,1,1,4294967295,0,0
Block,560,368,173B8325,0,1,1,4294967295,0,0
Block,464,336,F0562401,0,1.5,0.5,4294967295,0,0
Block,384,80,479467A5,0,1,1,4294967295,0,0
Block,384,112,5E74E645,0,0.5,2,4294967295,0,0
Block,480,288,EB93B501,0,1,1,4294967295,0,0
Block,480,160,11709F0A,0,0.5,2,4294967295,0,0
Block,448,160,9E471000,0,1,1,4294967295,0,0
Block,496,208,939BF945,0,1.5,0.5,4294967295,0,0
Block,448,48,97EFD13E,0,1,1,4294967295,0,0
Block,528,-16,5375F786,0,1,1,4294967295,0,0
Block,512,16,7552AEFF,0,1.5,1,4294967295,0,0
Block,576,112,74642246,0,1,1,4294967295,0,0
Block,608,112,7EEE943A,0,1,1,4294967295,0,0
Block,608,80,2B5BD785,0,1,1,4294967295,0,0
Block,512,-16,284B403F,0,0.5,1,4294967295,0,0
Block,704,80,F9E29554,0,1,1,4294967295,0,0
Block,672,0,77054FFC,0,2,1,4294967295,0,0
Block,704,32,09226EAC,0,1,1.5,4294967295,0,0
Block,752,176,4FD4E4BE,0,0.5,1,4294967295,0,0
Block,752,208,65475DE8,0,0.5,0.5,4294967295,0,0
Block,784,224,6F76B9D8,0,1,1,4294967295,0,0
Block,784,256,9F65D2A0,0,1,1,4294967295,0,0
Block,784,288,94C79FBD,0,1,1,4294967295,0,0
Block,768,320,09DD8869,0,1,2,4294967295,0,0
Block,640,336,9B4CC0C4,0,0.5,3.5,4294967295,0,0
Block,640,240,6103CD0C,0,1,1,4294967295,0,0
Block,640,272,450FA41F,0,1,1,4294967295,0,0
Block,704,368,42D0DF04,0,1,1,4294967295,0,0
Block,704,400,479DA973,0,1,1,4294967295,0,0
Block,768,512,E5FA13F4,0,1,1,4294967295,0,0
Block,640,448,2687EC3E,0,0.5,5,4294967295,0,0
stc_DCVisuals,16,128,52EB0D6E,0,1,1,4294967295,0,0
VineRight,288,272,21F77147,0,1,1,4294967295,0,0
VineRight,128,160,0505CD29,0,1,1,4294967295,0,0
VineRight,384,432,B56C582F,0,1,1,4294967295,0,0
VineRight,288,576,8AC931BE,0,1,1,4294967295,0,0
VineLeft,352,560,198C3200,0,1,1,4294967295,0,0
VineLeft,464,160,42B0D021,0,1,1,4294967295,0,0
VineLeft,448,48,68B21FEA,0,1,1,4294967295,0,0
VineRight,704,80,F4AC3A9D,0,1,1,4294967295,0,0
VineRight,768,352,DBC9CCD9,0,1,1,4294967295,0,0
VineRight,768,512,57917FEB,0,1,1,4294967295,0,0
PlayerStart,448,400,E148AA6E,0,1,1,4294967295,0,0
SaveVeryHard,448,400,BAE0E84D,0,1,1,4294967295,0,0
PlatformNosnap,304,208,F938E814,0,0.5,2,4294967295,0,0
Cherry,224,288,F8DEB3B4,0,1,1,4294967295,0,0
Cherry,192,192,347A44B2,0,1,1,4294967295,0,0
PlatformNosnap,128,192,8CE4601F,0,0.5,2,4294967295,0,0
Cherry,144,336,03E912C5,0,1,1,4294967295,0,0
PlatformNosnap,64,400,3C4F49BE,0,1,1,4294967295,0,0
Cherry,144,448,D2D2AF5F,0,1,1,4294967295,0,0
Cherry,240,368,0CA6DFD3,0,1,1,4294967295,0,0
Cherry,224,336,FA4304B2,0,1,1,4294967295,0,0
SaveVeryHard,176,496,36C20252,0,1,1,4294967295,0,0
Cherry,336,400,893C4C5D,0,1,1,4294967295,0,0
Item,128,272,FF57D8EE,0,1,1,4294967295,0,1
Cherry,256,496,348D3639,0,1,1,4294967295,0,0
PlatformNosnap,320,496,1B69C56E,0,1,1,4294967295,0,0
PlatformNosnap,480,544,E0053ACB,0,0.5,4,4294967295,0,0
PlatformNosnap,592,400,35767DDA,0,0.5,2,4294967295,0,0
PlatformNosnap,608,336,9F09A250,0,0.5,2,4294967295,0,0
SaveVeryHard,480,256,3ADD3D90,0,1,1,4294967295,0,0
PlatformNosnap,576,16,95A41EE6,0,1,2,4294967295,0,0
Cherry,704,176,B4FF05BF,0,1,1,4294967295,0,0
PlatformNosnap,688,32,1A68A9CF,0,0.5,1,4294967295,0,0
PlatformNosnap,736,96,1364DFE0,0,1,1,4294967295,0,0
Cherry,768,64,A4A7C418,0,1,1,4294967295,0,0
Cherry,624,240,934CFBDF,0,1,1,4294967295,0,0
Cherry,688,384,3E692929,0,1,1,4294967295,0,0
Cherry,672,352,6DFD5BEA,0,1,1,4294967295,0,0
Warp,656,416,98A177AA,0,1,1,4294967295,0,1
SpikeCeleUp,351,208,B156F60B,0,1,1,4294967295,270,0
SpikeCeleUp,144,208,B2C792CF,0,1,1,4294967295,0,0
SpikeCeleUp,96,223,8FDD6EB9,0,1,1,4294967295,90,0
SpikeCeleUp,64,368,36959306,0,1,1,4294967295,0,0
SpikeCeleUp,320,464,D4D46ACE,0,1,1,4294967295,0,0
SpikeCeleUp,288,544,C67FD89A,0,1,1,4294967295,0,0
SpikeCeleUp,639,400,02F1BF3F,0,1,1,4294967295,270,0
SpikeCeleUp,576,367,C0024DF4,0,1,1,4294967295,90,0
SpikeCeleUp,448,16,24DDAC91,0,1,1,4294967295,0,0
SpikeCeleUp,576,-16,BB90B314,0,1,1,4294967295,0,0
SpikeCeleUp,639,16,C3757E5B,0,1,1,4294967295,270,0
SpikeCeleUp,736,64,51A7A2A7,0,1,1,4294967295,0,0
Water,288,304,B189D4D2,0,1,2,4294967295,0,0
Water,0,384,2991F7B2,0,1,1,4294967295,0,0
WaterRefreshing,240,400,6EC3512B,0,0.5,0.75,4294967295,0,0
Water,400,160,3EEA9EBB,0,1.5,1,4294967295,0,0
WaterRefreshing,448,0,E7DF96FA,0,0.5,1.5,4294967295,0,0
Water,752,224,73AC4DA6,0,1,2.5,4294967295,0,0
