stv_ShaderPink,96,0,290A0B99,0,1,1,4294967295,0,0
ShaderReset,96,0,7F6A4502,0,1,1,4294967295,0,0
ShaderReset,115,0,74B83C38,0,1,1,4294967295,0,0
SpikeLeft,208,416,AF23C085,0,1,1,4294967295,0,0
SpikeRight,240,416,3CDF8AC1,0,1,1,4294967295,0,0
SpikeRight,208,336,C262A2E0,0,1,1,4294967295,0,0
SpikeRight,176,352,55473DAE,0,1,1,4294967295,0,0
SpikeRight,176,320,039B42DE,0,1,1,4294967295,0,0
SpikeUp,320,256,C91C4205,0,1,1,4294967295,0,0
SpikeRight,352,288,9E55A817,0,1,1,4294967295,0,0
SpikeRight,384,304,9929CD0C,0,1,1,4294967295,0,0
SpikeRight,352,320,967CC10C,0,1,1,4294967295,0,0
SpikeDown,368,448,1428D6F2,0,1,1,4294967295,0,0
SpikeRight,304,480,EA5E7286,0,1,1,4294967295,0,0
SpikeRight,336,496,4767FEBC,0,1,1,4294967295,0,0
SpikeRight,304,512,E55A152D,0,1,1,4294967295,0,0
SpikeLeft,416,416,3141699B,0,1,1,4294967295,0,0
SpikeRight,480,448,0F954698,0,1,1,4294967295,0,0
SpikeDown,496,384,ED78DE28,0,1,1,4294967295,0,0
SpikeUp,496,352,9C816D08,0,1,1,4294967295,0,0
SpikeRight,480,288,EADDE058,0,1,1,4294967295,0,0
SpikeLeft,112,352,C48C1B67,0,1,1,4294967295,0,0
SpikeLeft,96,432,29C1C6A8,0,1,1,4294967295,0,0
SpikeDown,208,256,9B5472D5,0,1,1,4294967295,0,0
SpikeUp,240,192,4C80919A,0,1,1,4294967295,0,0
SpikeDown,448,320,3A4CEAA9,0,1,1,4294967295,0,0
SpikeDown,256,320,59334C28,0,1,1,4294967295,0,0
SpikeUp,256,288,B449A6CF,0,1,1,4294967295,0,0
SpikeRight,64,192,0DEB4C3F,0,1,1,4294967295,0,0
SpikeDown,112,144,55877970,0,1,1,4294967295,0,0
MiniSpikeUp,128,128,DBB0125C,0,1,1,4294967295,0,0
MiniSpikeUp,112,128,13062BD4,0,1,1,4294967295,0,0
SpikeRight,96,64,130CAB2D,0,1,1,4294967295,0,0
SpikeUp,64,0,6365163C,0,1,1,4294967295,0,0
SpikeRight,144,192,36776235,0,1,1,4294967295,0,0
MiniSpikeUp,128,176,BC47709F,0,1,1,4294967295,0,0
MiniSpikeUp,208,176,308FBD9B,0,1,1,4294967295,0,0
MiniSpikeUp,224,176,2E559135,0,1,1,4294967295,0,0
SpikeDown,176,112,ED344581,0,1,1,4294967295,0,0
SpikeLeft,112,288,DDA4767F,0,1,1,4294967295,0,0
SpikeUp,176,48,CC69ADC4,0,1,1,4294967295,0,0
SpikeUp,208,48,464F182D,0,1,1,4294967295,0,0
SpikeDown,112,0,E93B1AD7,0,1,1,4294967295,0,0
SpikeDown,240,0,8405773C,0,1,1,4294967295,0,0
SpikeUp,272,48,9EEE5F25,0,1,1,4294967295,0,0
SpikeRight,304,80,C0B06A0E,0,1,1,4294967295,0,0
SpikeDown,320,0,B365CC26,0,1,1,4294967295,0,0
SpikeDown,368,96,3EF81726,0,1,1,4294967295,0,0
SpikeUp,368,64,21124337,0,1,1,4294967295,0,0
SpikeLeft,432,48,4EE5AB69,0,1,1,4294967295,0,0
SpikeRight,464,48,E62EDE2F,0,1,1,4294967295,0,0
SpikeUp,560,128,867860E5,0,1,1,4294967295,0,0
SpikeUp,592,96,00F08CF0,0,1,1,4294967295,0,0
SpikeRight,624,128,1C9C7C2C,0,1,1,4294967295,0,0
SpikeRight,656,144,A2699EEC,0,1,1,4294967295,0,0
SpikeRight,624,160,7C6F92E7,0,1,1,4294967295,0,0
SpikeUp,480,192,36174EE9,0,1,1,4294967295,0,0
SpikeUp,528,160,F3398DBB,0,1,1,4294967295,0,0
MiniSpikeUp,608,320,2C5919E4,0,1,1,4294967295,0,0
MiniSpikeUp,624,320,1E472D23,0,1,1,4294967295,0,0
SpikeUp,688,304,E543819C,0,1,1,4294967295,0,0
SpikeDown,688,336,22B87974,0,1,1,4294967295,0,0
SpikeLeft,672,224,7E5368A0,0,1,1,4294967295,0,0
SpikeRight,704,224,D663A6FC,0,1,1,4294967295,0,0
MiniSpikeUp,448,240,FF7FD746,0,1,1,4294967295,0,0
SpikeLeft,544,304,3B6EA996,0,1,1,4294967295,0,0
SpikeRight,576,304,A8551AF5,0,1,1,4294967295,0,0
SpikeLeft,32,192,6F82A395,0,1,1,4294967295,0,0
Block,272,448,F4DBB313,0,1,1,4294967295,0,0
Block,272,480,A49DEB8A,0,1,1,4294967295,0,0
Block,272,512,A833D3FE,0,1,1,4294967295,0,0
Block,240,512,82C08F0C,0,1,1,4294967295,0,0
Block,144,320,860A6017,0,1,1,4294967295,0,0
Block,144,352,9B10EFC4,0,1,1,4294967295,0,0
BlockUnstable,272,416,8AD72FEA,0,1,1,4294967295,0,0
Block,320,320,8B300CE2,0,1,1,4294967295,0,0
Block,320,288,8CD60CE1,0,1,1,4294967295,0,0
BlockUnstable,416,512,B3FD881D,0,1,1,4294967295,0,0
Block,448,448,8FB2DC44,0,1,1,4294967295,0,0
Block,416,544,29620645,0,1,1,4294967295,0,0
BlockUnstable,448,416,2E6B9DD3,0,1,1,4294967295,0,0
Block,448,288,E77756AE,0,1,1,4294967295,0,0
Block,448,256,CE4170A8,0,1,1,4294967295,0,0
Block,480,256,0F2D953B,0,1,1,4294967295,0,0
BlockUnstable,128,416,3D52148E,0,1,1,4294967295,0,0
Block,128,448,871194F1,0,1,1,4294967295,0,0
Block,128,480,536B1757,0,1,1,4294967295,0,0
Block,128,512,6C085067,0,1,1,4294967295,0,0
BlockUnstable,144,288,CBD73024,0,1,1,4294967295,0,0
Block,208,224,40D96FFB,0,1,1,4294967295,0,0
Block,208,192,FC187795,0,1,1,4294967295,0,0
Block,240,224,29195292,0,1,1,4294967295,0,0
BlockUnstable,368,416,51B2C3CC,0,1,1,4294967295,0,0
Block,208,80,35E6EA70,0,1,1,4294967295,0,0
Block,176,80,5C06A105,0,1,1,4294967295,0,0
Block,240,80,5DDACDA1,0,1,1,4294967295,0,0
Block,112,192,8091971F,0,1,1,4294967295,0,0
Block,64,64,A44F0E17,0,1,1,4294967295,0,0
Block,64,32,697298AF,0,1,1,4294967295,0,0
Block,64,304,C4982D0F,0,1,0.5,4294967295,0,0
Block,272,80,90166170,0,1,1,4294967295,0,0
Block,432,0,2D84A7CC,0,1,1,4294967295,0,0
Block,432,32,BD62DCBD,0,1,1,4294967295,0,0
Block,464,0,8EDC6A8F,0,1,1,4294967295,0,0
Block,464,32,9061CAD9,0,1,1,4294967295,0,0
BlockUnstable,448,128,EBCBED75,0,1,1,4294967295,0,0
Block,528,192,8C859727,0,1,1,4294967295,0,0
Block,560,160,9193AA85,0,1,1,4294967295,0,0
Block,560,192,54A4BF4B,0,1,1,4294967295,0,0
Block,592,192,065D90A0,0,1,1,4294967295,0,0
Block,592,160,9E7C448E,0,1,1,4294967295,0,0
Block,592,128,0024B44E,0,1,1,4294967295,0,0
Block,480,224,C9B7122B,0,1,1,4294967295,0,0
Block,608,336,BD5ECD30,0,1,1,4294967295,0,0
Block,640,336,5394AE5F,0,1,1,4294967295,0,0
BlockUnstable,640,304,C8060714,0,1,1,4294967295,0,0
Block,656,256,AB554D36,0,0.5,0.5,4294967295,0,0
Block,688,80,46946136,0,1,1,4294967295,0,0
Block,720,80,65D007E4,0,1,1,4294967295,0,0
Block,720,112,CC8A735A,0,1,1,4294967295,0,0
Block,688,16,A5C4DB12,0,1,1,4294967295,0,0
Block,688,-16,C996C745,0,1,1,4294967295,0,0
Block,608,368,28ED9E29,0,1,1,4294967295,0,0
Block,608,400,45E54674,0,1,1,4294967295,0,0
Block,608,432,D1D0AC76,0,1,1,4294967295,0,0
VineLeft,416,544,574BBDC5,0,1,1,4294967295,0,0
VineLeft,240,224,05232CE9,0,1,1,4294967295,0,0
VineRight,448,128,9DC482E9,0,1,1,4294967295,0,0
VineLeft,480,256,9EBEA181,0,1,1,4294967295,0,0
PlayerStart,240,480,C80BB3BD,0,1,1,4294967295,0,0
SaveVeryHard,240,480,0A3660DC,0,1,1,4294967295,0,0
Platform,96,464,AFCFD771,0,0.5,2,4294967295,0,0
Cherry,432,304,02CB8900,0,1,1,4294967295,0,0
Platform,336,352,8D3BA3BA,0,0.5,1,4294967295,0,0
Cherry,144,272,74A6C6E6,0,1,1,4294967295,0,0
Cherry,160,112,7DA6A176,0,1,1,4294967295,0,0
Cherry,64,288,53AA846E,0,1,1,4294967295,0,0
Cherry,320,128,881776F4,0,1,1,4294967295,0,0
Cherry,336,160,1D31E4DD,0,1,1,4294967295,0,0
Cherry,368,144,E70A50D5,0,1,1,4294967295,0,0
Cherry,528,304,1CE2AB25,0,1,1,4294967295,0,0
Cherry,480,176,F3AA6896,0,1,1,4294967295,0,0
Cherry,624,240,8E8B0EA9,0,1,1,4294967295,0,0
Cherry,624,80,E3A6B0B0,0,1,1,4294967295,0,0
Cherry,640,48,6D9F1FC4,0,1,1,4294967295,0,0
Warp,768,0,002B0F99,0,1,1,4294967295,0,0
BossItem,688,48,C5AD29BC,0,1,1,4294967295,0,1
Water,304,480,77F01C50,0,2,1,4294967295,0,0
WaterRefreshing,304,512,DDED3AE2,0,2,1,4294967295,0,0
Water,480,416,481F3751,0,1,1.5,4294967295,0,0
WaterRefreshing,512,352,22B5AF10,0,0.5,2,4294967295,0,0
Water,96,416,1AC4FBF3,0,1,1,4294967295,0,0
WaterRefreshing,448,320,0F2A3116,0,0.5,1,4294967295,0,0
WaterRefreshing,272,288,E3D226C3,0,0.5,1,4294967295,0,0
Water,272,320,2F7CEEAE,0,0.5,1,4294967295,0,0
WaterRefreshing,96,0,23C6CD5A,0,1,2.5,4294967295,0,0
WaterRefreshing,80,0,5E34FCB6,0,0.5,1,4294967295,0,0
Water,688,336,9B340954,0,1,2,4294967295,0,0
WaterRefreshing,704,304,BBC678D2,0,0.5,1,4294967295,0,0
Water,624,128,89B87E42,0,2,1,4294967295,0,0
