MiniSpikeDown,656,448,7C6246C5,0,1,1,4294967295,0,0
MiniSpikeDown,640,448,823AEBC6,0,1,1,4294967295,0,0
SpikeUp,640,512,F0F96182,0,1,1,4294967295,0,0
SpikeUp,704,96,F3586E99,0,1,1,4294967295,0,0
SpikeDown,704,128,910CE91E,0,1,1,4294967295,0,0
SpikeDown,320,480,8FAC6443,0,1,1,4294967295,0,0
SpikeRight,480,240,8B4829D9,0,1,1,4294967295,0,0
SpikeDown,544,0,5C594E85,0,1,1,4294967295,0,0
SpikeDown,96,0,1B45290A,0,1,1,4294967295,0,0
SpikeUp,736,64,B7C6A2F7,0,1,1,4294967295,0,0
SpikeUp,96,64,1A47CFAB,0,1,1,4294967295,0,0
SpikeUp,512,384,C789FFEE,0,1,1,4294967295,0,0
SpikeDown,448,384,5A369391,0,1,1,4294967295,0,0
SpikeUp,416,384,E152B15D,0,1,1,4294967295,0,0
SpikeUp,384,384,F079B57D,0,1,1,4294967295,0,0
SpikeUp,256,352,E9F8F10B,0,1,1,4294967295,0,0
SpikeUp,320,352,FD23BA51,0,1,1,4294967295,0,0
SpikeDown,96,352,C82FED60,0,1,1,4294967295,0,0
SpikeUp,160,352,9CCBF60D,0,1,1,4294967295,0,0
SpikeRight,480,352,DB971551,0,1,1,4294967295,0,0
SpikeUp,640,320,AB3AE9DC,0,1,1,4294967295,0,0
SpikeDown,352,320,7AF90237,0,1,1,4294967295,0,0
SpikeDown,320,320,67B2A57C,0,1,1,4294967295,0,0
SpikeDown,288,320,589A78D0,0,1,1,4294967295,0,0
SpikeDown,192,320,59CF610B,0,1,1,4294967295,0,0
SpikeUp,576,288,D8902A55,0,1,1,4294967295,0,0
SpikeUp,352,288,293CBC00,0,1,1,4294967295,0,0
SpikeUp,384,544,C0E4DA48,0,1,1,4294967295,0,0
SpikeUp,416,544,F4F24C19,0,1,1,4294967295,0,0
SpikeUp,288,544,68F5FF4D,0,1,1,4294967295,0,0
SpikeRight,96,576,BFF1F945,0,1,1,4294967295,0,0
SpikeDown,704,416,34BB0845,0,1,1,4294967295,0,0
SpikeDown,512,416,B83CAA8B,0,1,1,4294967295,0,0
SpikeUp,64,416,31D94B4C,0,1,1,4294967295,0,0
SpikeDown,608,224,08D3370B,0,1,1,4294967295,0,0
SpikeUp,672,224,6B249D31,0,1,1,4294967295,0,0
SpikeLeft,416,224,D9AF51F7,0,1,1,4294967295,0,0
SpikeDown,384,224,1E107530,0,1,1,4294967295,0,0
SpikeUp,160,224,287BE37A,0,1,1,4294967295,0,0
SpikeRight,672,192,9D483821,0,1,1,4294967295,0,0
SpikeLeft,576,192,D8D4427A,0,1,1,4294967295,0,0
SpikeDown,512,192,6E9E44D0,0,1,1,4294967295,0,0
SpikeDown,224,192,63EEB4ED,0,1,1,4294967295,0,0
SpikeDown,736,96,D63001FA,0,1,1,4294967295,0,0
SpikeDown,672,96,41C20146,0,1,1,4294967295,0,0
SpikeDown,576,96,4348D1B4,0,1,1,4294967295,0,0
SpikeUp,448,96,36C8F8F4,0,1,1,4294967295,0,0
SpikeUp,320,96,B515A54D,0,1,1,4294967295,0,0
SpikeLeft,192,96,DB145DE4,0,1,1,4294967295,0,0
SpikeRight,0,96,40058110,0,1,1,4294967295,0,0
SpikeUp,256,128,0A2FE395,0,1,1,4294967295,0,0
SpikeLeft,64,128,8E320C87,0,1,1,4294967295,0,0
SpikeUp,32,128,58E38A2F,0,1,1,4294967295,0,0
SpikeUp,640,160,DFCD6903,0,1,1,4294967295,0,0
SpikeUp,608,160,83A3B2FC,0,1,1,4294967295,0,0
SpikeRight,544,160,15A660D6,0,1,1,4294967295,0,0
SpikeLeft,192,160,D6DD13F9,0,1,1,4294967295,0,0
SpikeDown,96,160,DB7A9D4D,0,1,1,4294967295,0,0
SpikeDown,640,256,9F5C987A,0,1,1,4294967295,0,0
SpikeUp,224,256,049DA931,0,1,1,4294967295,0,0
SpikeUp,96,256,7E1C3BDA,0,1,1,4294967295,0,0
SpikeDown,416,448,F306E379,0,1,1,4294967295,0,0
SpikeDown,288,448,1A0D50C4,0,1,1,4294967295,0,0
SpikeDown,224,448,6748CE4E,0,1,1,4294967295,0,0
SpikeUp,512,480,74331D2E,0,1,1,4294967295,0,0
SpikeUp,256,480,787D5BE0,0,1,1,4294967295,0,0
SpikeDown,240,480,3ABFDCE5,0,1,1,4294967295,0,0
SpikeUp,32,480,2D056692,0,1,1,4294967295,0,0
SpikeRight,0,480,477DBBE6,0,1,1,4294967295,0,0
SpikeDown,512,512,2FCC4AA7,0,1,1,4294967295,0,0
SpikeRight,96,512,2E29E41D,0,1,1,4294967295,0,0
Block,704,384,9929875F,0,1,1,4294967295,0,0
Block,640,416,B9125647,0,1,1,4294967295,0,0
Block,320,448,49069D49,0,1,1,4294967295,0,0
Block,736,0,F757C5F4,0,1,1,4294967295,0,0
Block,672,0,72D2D31E,0,1,1,4294967295,0,0
Block,192,0,A2CB4635,0,1,1,4294967295,0,0
Block,672,32,8E1F5CF7,0,1,1,4294967295,0,0
Block,192,32,6FA93EE1,0,1,1,4294967295,0,0
Block,672,64,65BC7FDE,0,1,1,4294967295,0,0
Block,512,64,932913A0,0,1,1,4294967295,0,0
Block,192,64,782D522B,0,1,1,4294967295,0,0
Block,640,384,4B72D096,0,1,1,4294967295,0,0
Block,576,384,BD4767D2,0,1,1,4294967295,0,0
Block,160,384,5CAD4940,0,1,1,4294967295,0,0
Block,224,384,44596478,0,1,1,4294967295,0,0
Block,704,352,09878CB9,0,1,1,4294967295,0,0
Block,640,352,EEBA70B4,0,1,1,4294967295,0,0
Block,448,352,51B7964C,0,1,1,4294967295,0,0
Block,576,352,49420DD7,0,1,1,4294967295,0,0
Block,224,352,997E83AA,0,1,1,4294967295,0,0
Block,32,352,AAB68445,0,1,1,4294967295,0,0
Block,704,320,B8CB26B7,0,1,1,4294967295,0,0
Block,448,320,FA12AF95,0,1,1,4294967295,0,0
Block,576,320,B01E5596,0,1,1,4294967295,0,0
Block,224,320,AC661688,0,1,1,4294967295,0,0
Block,96,320,3C5C9372,0,1,1,4294967295,0,0
Block,32,320,D38DB505,0,1,1,4294967295,0,0
Block,704,288,B60F1F9A,0,1,1,4294967295,0,0
Block,448,288,ED6EEED6,0,1,1,4294967295,0,0
Block,320,288,39EFC72B,0,1,1,4294967295,0,0
Block,288,288,BEBF5FE0,0,1,1,4294967295,0,0
Block,256,288,841C2F5D,0,1,1,4294967295,0,0
Block,224,288,6EEA3FD0,0,1,1,4294967295,0,0
Block,96,288,CFFB2E2D,0,1,1,4294967295,0,0
Block,32,288,7F4EB644,0,1,1,4294967295,0,0
Block,640,544,CA0F4456,0,1,1,4294967295,0,0
Block,480,544,6EB16F78,0,1,1,4294967295,0,0
Block,640,576,93076E70,0,1,1,4294967295,0,0
Block,480,576,1688D962,0,1,1,4294967295,0,0
Block,416,576,B9A5B9D8,0,1,1,4294967295,0,0
Block,384,576,35E2BEB9,0,1,1,4294967295,0,0
Block,288,576,DCAC912B,0,1,1,4294967295,0,0
Block,256,576,BE35A1C3,0,1,1,4294967295,0,0
Block,576,416,24AAF9D3,0,1,1,4294967295,0,0
Block,384,416,49574321,0,1,1,4294967295,0,0
Block,416,416,A3536DC0,0,1,1,4294967295,0,0
Block,320,416,BB78F925,0,1,1,4294967295,0,0
Block,288,416,B5FDF135,0,1,1,4294967295,0,0
Block,160,416,48200B53,0,1,1,4294967295,0,0
Block,224,416,86A999C0,0,1,1,4294967295,0,0
Block,640,224,712A69A9,0,1,1,4294967295,0,0
Block,448,224,754F2A78,0,1,1,4294967295,0,0
Block,320,224,FD3ADC4A,0,1,1,4294967295,0,0
Block,32,224,A64A7C57,0,1,1,4294967295,0,0
Block,608,192,9A6F9C98,0,1,1,4294967295,0,0
Block,640,192,44914EE4,0,1,1,4294967295,0,0
Block,448,192,3FC99123,0,1,1,4294967295,0,0
Block,320,192,06B4D981,0,1,1,4294967295,0,0
Block,32,192,CF25068F,0,1,1,4294967295,0,0
Block,512,96,929565A0,0,1,1,4294967295,0,0
Block,96,96,1F9ADE62,0,1,1,4294967295,0,0
Block,128,96,1E95A6E5,0,1,1,4294967295,0,0
Block,512,128,E3A2135F,0,1,1,4294967295,0,0
Block,320,128,754E179D,0,1,1,4294967295,0,0
Block,448,128,C9F53EC0,0,1,1,4294967295,0,0
Block,96,128,F88E7609,0,1,1,4294967295,0,0
Block,512,160,F4B5F511,0,1,1,4294967295,0,0
Block,448,160,94713B5B,0,1,1,4294967295,0,0
Block,256,160,85D9235B,0,1,1,4294967295,0,0
Block,224,160,72300B30,0,1,1,4294967295,0,0
Block,320,160,1BB8C630,0,1,1,4294967295,0,0
Block,32,160,6B162938,0,1,1,4294967295,0,0
Block,448,256,E7610646,0,1,1,4294967295,0,0
Block,320,256,1C5FB968,0,1,1,4294967295,0,0
Block,160,256,9E7CB660,0,1,1,4294967295,0,0
Block,32,256,E913857E,0,1,1,4294967295,0,0
Block,576,448,7DAFF82B,0,1,1,4294967295,0,0
Block,64,448,EC7E2F7F,0,1,1,4294967295,0,0
Block,576,480,EB4D8E88,0,1,1,4294967295,0,0
Block,64,480,AE5074E3,0,1,1,4294967295,0,0
Block,480,512,F0DF20C7,0,1,1,4294967295,0,0
Block,32,512,88534FDF,0,1,1,4294967295,0,0
Block,64,512,9F2F2DB3,0,1,1,4294967295,0,0
VineLeft,640,400,01C97B5E,0,1,1,4294967295,0,0
VineRight,672,16,45F5AD3D,0,1,1,4294967295,0,0
VineLeft,576,400,6AA499E0,0,1,1,4294967295,0,0
VineRight,576,400,50613974,0,1,1,4294967295,0,0
VineLeft,448,304,F9775E21,0,1,1,4294967295,0,0
GravityDown,96,400,BAF7474B,0,1,1,4294967295,0,0
GravityUp,64,320,737F1C2A,0,1,1,4294967295,0,0
GravityUp,672,320,92E1B191,0,1,1,4294967295,0,0
GravityUp,256,416,548619C2,0,1,1,4294967295,0,0
GravityDown,416,192,2451C66A,0,1,1,4294967295,0,0
GravityDown,544,96,BB680145,0,1,1,4294967295,0,0
GravityDown,64,96,FBFCC060,0,1,1,4294967295,0,0
GravityUp,672,160,229FF3CE,0,1,1,4294967295,0,0
PlayerStart,288,256,338897C7,0,1,1,4294967295,0,0
Warp,0,544,1AED1761,0,1,1,4294967295,0,0
SaveAlign,256,256,171BA6C3,0,1,1,4294967295,0,1
Water,352,144,6C82E003,0,1,1,4294967295,0,0
