SpikeUp,0,512,8013A9A4,0,1,1,4294967295,0,0
SpikeLeft,48,488,567ED983,0,1,1,4294967295,0,0
SpikeRight,80,488,66845D67,0,1,1,4294967295,0,0
SpikeRight,176,488,35406678,0,1,1,4294967295,0,0
SpikeLeft,144,488,B20A2BE3,0,1,1,4294967295,0,0
SpikeRight,64,400,E7C6B316,0,1,1,4294967295,0,0
SpikeLeft,160,400,C7571FD6,0,1,1,4294967295,0,0
SpikeRight,192,400,D4112059,0,1,1,4294967295,0,0
MiniSpikeUp,120,352,4C27B8C1,0,1,1,4294967295,0,0
SpikeRight,32,384,5E66947E,0,1,1,4294967295,0,0
SpikeUp,64,272,BE29FD0F,0,1,1,4294967295,0,0
SpikeUp,96,224,DFA1DDD2,0,1,1,4294967295,0,0
SpikeLeft,160,368,6699A392,0,1,1,4294967295,0,0
SpikeRight,192,368,309DB021,0,1,1,4294967295,0,0
SpikeDown,144,256,EB381A5D,0,1,1,4294967295,0,0
SpikeUp,176,192,13378C41,0,1,1,4294967295,0,0
SpikeLeft,112,160,82115F62,0,1,1,4294967295,0,0
SpikeDown,176,256,F4AA3527,0,1,1,4294967295,0,0
SpikeDown,240,304,F39CB7A5,0,1,1,4294967295,0,0
SpikeDown,272,368,5DD9A43B,0,1,1,4294967295,0,0
SpikeLeft,240,256,C749846E,0,1,1,4294967295,0,0
SpikeRight,272,256,BEEBC1FD,0,1,1,4294967295,0,0
SpikeUp,240,144,B0C9FC54,0,1,1,4294967295,0,0
SpikeUp,144,128,D2ED2009,0,1,1,4294967295,0,0
SpikeUp,336,144,C254B5BD,0,1,1,4294967295,0,0
SpikeUp,384,176,80EC3AC0,0,1,1,4294967295,0,0
SpikeUp,416,112,8191CEB3,0,1,1,4294967295,0,0
SpikeUp,432,80,873B6881,0,1,1,4294967295,0,0
SpikeUp,448,112,11AA2E91,0,1,1,4294967295,0,0
SpikeLeft,368,0,F75DAC34,0,1,1,4294967295,0,0
SpikeDown,384,240,4ED2D14E,0,1,1,4294967295,0,0
SpikeDown,416,240,C048888F,0,1,1,4294967295,0,0
MiniSpikeUp,352,304,06B774F4,0,1,1,4294967295,0,0
SpikeLeft,336,72,3529C883,0,1,1,4294967295,0,0
SpikeRight,368,72,5741FF93,0,1,1,4294967295,0,0
SpikeDown,464,368,B7760FCB,0,1,1,4294967295,0,0
SpikeDown,496,304,4300A83B,0,1,1,4294967295,0,0
SpikeLeft,368,384,2ED2F9CE,0,1,1,4294967295,0,0
MiniSpikeUp,336,336,50F8C98E,0,1,1,4294967295,0,0
SpikeRight,400,384,7A799D52,0,1,1,4294967295,0,0
SpikeRight,432,400,A605CEF0,0,1,1,4294967295,0,0
SpikeDown,448,176,CDFBCADE,0,1,1,4294967295,0,0
SpikeRight,480,144,63E1BBC3,0,1,1,4294967295,0,0
SpikeUp,496,208,78BE5D5C,0,1,1,4294967295,0,0
SpikeLeft,512,96,7DA867D5,0,1,1,4294967295,0,0
SpikeUp,528,48,B4AA53B0,0,1,1,4294967295,0,0
MiniSpikeUp,512,64,F42FABE7,0,1,1,4294967295,0,0
SpikeUp,576,80,F4AAE56C,0,1,1,4294967295,0,0
SpikeDown,576,112,AC1398AC,0,1,1,4294967295,0,0
MiniSpikeUp,560,176,B506018D,0,1,1,4294967295,0,0
MiniSpikeUp,592,64,A9A68ACC,0,1,1,4294967295,0,0
SpikeLeft,624,80,D2C65D6B,0,1,1,4294967295,0,0
SpikeLeft,624,16,2F8DFBAF,0,1,1,4294967295,0,0
SpikeRight,480,0,BC3B5CA5,0,1,1,4294967295,0,0
SpikeDown,656,144,F31BE0FC,0,1,1,4294967295,0,0
SpikeRight,688,80,529EF500,0,1,1,4294967295,0,0
SpikeUp,720,64,52C8D415,0,1,1,4294967295,0,0
SpikeUp,720,160,F94D80E1,0,1,1,4294967295,0,0
SpikeLeft,688,208,5034ECC2,0,1,1,4294967295,0,0
SpikeUp,752,224,58888F40,0,1,1,4294967295,0,0
SpikeUp,784,224,BCC9D22F,0,1,1,4294967295,0,0
SpikeUp,656,256,E0A3C17F,0,1,1,4294967295,0,0
SpikeUp,624,224,B5E68DAC,0,1,1,4294967295,0,0
SpikeUp,704,320,789B0762,0,1,1,4294967295,0,0
SpikeDown,560,224,8F4EDA49,0,1,1,4294967295,0,0
MiniSpikeUp,592,240,44A324A5,0,1,1,4294967295,0,0
SpikeRight,576,416,E4103F42,0,1,1,4294967295,0,0
SpikeUp,544,384,3C6E6946,0,1,1,4294967295,0,0
SpikeLeft,480,448,50F2732D,0,1,1,4294967295,0,0
SpikeRight,512,448,48F12824,0,1,1,4294967295,0,0
SpikeUp,544,528,2C555A15,0,1,1,4294967295,0,0
SpikeUp,272,496,09D5E190,0,1,1,4294967295,0,0
SpikeDown,272,560,C68CE5A2,0,1,1,4294967295,0,0
SpikeRight,624,480,20F0DC54,0,1,1,4294967295,0,0
SpikeRight,624,448,AEB23F56,0,1,1,4294967295,0,0
SpikeLeft,656,464,51401C8F,0,1,1,4294967295,0,0
Block,0,576,4C8F2DCC,0,1,1,4294967295,0,0
Block,32,576,E6C343B0,0,1,1,4294967295,0,0
Block,0,544,9DEAA448,0,1,1,4294967295,0,0
Block,32,400,144791C6,0,1,1,4294967295,0,0
Block,144,504,C29FCB2E,0,1,2.5,4294967295,0,0
Block,176,568,15866DB5,0,1,0.5,4294967295,0,0
Block,120,368,B9EB16A3,0,0.5,4,4294967295,0,0
Block,32,320,DB647F73,0,1,0.5,4294967295,0,0
Block,64,304,B8EE4DF9,0,1,1,4294967295,0,0
Block,96,256,D7281E27,0,1,0.5,4294967295,0,0
Block,96,272,257C4402,0,0.5,2,4294967295,0,0
Block,160,384,0CD4A46D,0,1,1,4294967295,0,0
Block,192,384,6AD59ACA,0,1,1,4294967295,0,0
Block,144,224,AD437DA4,0,1,1,4294967295,0,0
Block,144,192,158F7BE8,0,1,1,4294967295,0,0
Block,176,224,6A550652,0,1,1,4294967295,0,0
Block,144,160,E7280FFB,0,1,1,4294967295,0,0
Block,240,272,BE8D14D3,0,1,1,4294967295,0,0
Block,272,272,F074976F,0,1,1,4294967295,0,0
Block,272,304,589A0328,0,1,1,4294967295,0,0
Block,272,336,9F24F12C,0,1,1,4294967295,0,0
Block,240,176,78DA729E,0,1,1,4294967295,0,0
Block,336,176,E636CFC9,0,1,1,4294967295,0,0
Block,336,208,53527C31,0,1,1,4294967295,0,0
Block,384,208,8EACC228,0,1,1,4294967295,0,0
Block,416,208,14FE1AF2,0,1,1,4294967295,0,0
Block,416,176,F3C452A2,0,1,1,4294967295,0,0
Block,416,144,D3AC7E5F,0,1,1,4294967295,0,0
Block,448,144,8C698DAB,0,1,1,4294967295,0,0
Block,400,0,9BC5A364,0,2.5,1,4294967295,0,0
Block,352,320,96C0A232,0,0.5,1,4294967295,0,0
Block,272,368,7E6A21FA,0,0.5,3.5,4294967295,0,0
Block,464,272,B993AEA7,0,1,3,4294967295,0,0
Block,496,272,C43A169A,0,1,1,4294967295,0,0
Block,496,240,4741ED2F,0,1,1,4294967295,0,0
Block,336,352,5DEC95E4,0,1,1,4294967295,0,0
Block,368,400,EF0E33C1,0,1,1,4294967295,0,0
Block,400,400,D558CD43,0,1,1,4294967295,0,0
Block,512,80,EAA1F8D9,0,1,1,4294967295,0,0
Block,544,80,6A6BF36B,0,0.5,3,4294967295,0,0
Block,560,192,605B4605,0,1,1,4294967295,0,0
Block,544,176,71AAC9F5,0,0.5,1.5,4294967295,0,0
Block,592,80,C07265E3,0,0.5,1,4294967295,0,0
Block,656,0,A6EE7399,0,1.5,1.5,4294967295,0,0
Block,656,80,F1E4EB84,0,1,1,4294967295,0,0
Block,656,112,325C5035,0,1,1,4294967295,0,0
Block,688,96,D107551B,0,2,0.5,4294967295,0,0
Block,720,192,8A347E8A,0,1,2,4294967295,0,0
Block,656,144,D1BB83FD,0,0.5,1,4294967295,0,0
Block,720,256,17AFC6B9,0,2.5,0.5,4294967295,0,0
Block,656,288,A4BCE914,0,1,1,4294967295,0,0
Block,624,288,99962B67,0,1,1,4294967295,0,0
Block,624,256,242AE850,0,1,1,4294967295,0,0
Block,704,352,6E03E0B9,0,1,1,4294967295,0,0
Block,656,320,EA8080FE,0,1,1,4294967295,0,0
Block,592,288,BC2CDA2A,0,0.5,2,4294967295,0,0
Block,592,256,0E10503D,0,0.5,1,4294967295,0,0
Block,576,448,A35986D6,0,1,1,4294967295,0,0
Block,544,448,F4F89E5C,0,1,1,4294967295,0,0
Block,544,416,AF6681CA,0,1,1,4294967295,0,0
Block,624,512,FE56A6E3,0,1,1,4294967295,0,0
Block,544,560,42D1076D,0,1,1,4294967295,0,0
Block,544,592,D443A7E0,0,1,1,4294967295,0,0
Block,272,528,2F484855,0,1,1,4294967295,0,0
stc_DCVisuals,16,16,52EB0D6E,0,1,1,4294967295,0,0
VineRight,160,384,A775D860,0,1,1,4294967295,0,0
VineLeft,336,320,FF414F27,0,1,1,4294967295,0,0
VineLeft,528,144,3FC313A4,0,1,1,4294967295,0,0
VineLeft,656,320,EAD8444F,0,1,1,4294967295,0,0
VineRight,624,512,A76894E6,0,1,1,4294967295,0,0
VineLeft,656,464,F55DAE2A,0,1,1,4294967295,0,0
PlayerStart,32,544,E01529D0,0,1,1,4294967295,0,0
SaveVeryHard,32,544,35F9E948,0,1,1,4294967295,0,0
Cherry,32,448,45757BE8,0,1,1,4294967295,0,0
PlatformNosnap,64,448,38C1C578,0,1,2,4294967295,0,0
PlatformNosnap,160,448,34A37548,0,1,2,4294967295,0,0
PlatformNosnap,272,176,46C83A5B,0,1,2,4294967295,0,0
Cherry,432,64,9DC3D89E,0,1,1,4294967295,0,0
Cherry,320,256,FBBA97D3,0,1,1,4294967295,0,0
Cherry,320,80,B28390B0,0,1,1,4294967295,0,0
Cherry,320,368,5072547D,0,1,1,4294967295,0,0
SaveVeryHard,464,240,FCEEF67E,0,1,1,4294967295,0,0
PlatformNosnap,480,112,770F4147,0,1,2,4294967295,0,0
Cherry,624,176,C4EF02B3,0,1,1,4294967295,0,0
PlatformNosnap,720,112,C0C370D1,0,1,2,4294967295,0,0
Cherry,652,192,F223512D,0,1,1,4294967295,0,0
Cherry,608,208,F272C584,0,1,1,4294967295,0,0
PlatformNosnap,624,320,21452E64,0,1,2,4294967295,0,0
Cherry,544,240,8471083B,0,1,1,4294967295,0,0
Cherry,480,416,8C5EA1C8,0,1,1,4294967295,0,0
Warp,432,560,80B8D027,0,1,1,4294967295,0,0
Cherry,464,448,5E10B621,0,1,1,4294967295,0,0
Item,688,464,5E18D0A6,0,1,1,4294967295,0,1
SpikeCeleUp,64,416,52CA33A7,0,1,1,4294967295,0,0
SpikeCeleUp,160,416,7A831A60,0,1,1,4294967295,0,0
SpikeCeleUp,127,448,8737FC0F,0,1,1,4294967295,270,0
SpikeCeleUp,128,479,AB706EB5,0,1,1,4294967295,90,0
SpikeCeleUp,272,144,87E9EFE7,0,1,1,4294967295,0,0
SpikeCeleUp,335,176,C61E4C93,0,1,1,4294967295,270,0
SpikeCeleUp,480,80,33A4C4B6,0,1,1,4294967295,0,0
SpikeCeleUp,688,143,513CEFB1,0,1,1,4294967295,90,0
SpikeCeleUp,751,175,58044135,0,1,1,4294967295,180,0
SpikeCeleUp,639,256,F008ECA3,0,1,1,4294967295,270,0
SpikeCeleUp,639,448,9AF87788,0,1,1,4294967295,270,0
Water,32,336,A588BDB7,0,1,2,4294967295,0,0
Water,240,208,08D241D3,0,1,2,4294967295,0,0
Water,688,192,B4F133EE,0,1,2,4294967295,0,0
