SpikeDown,784,336,02F729C6,0,1,1,4294967295,0,0
SpikeUp,784,272,9D1E64BD,0,1,1,4294967295,0,0
SpikeUp,688,-16,8AE810CB,0,1,1,4294967295,0,0
SpikeDown,688,16,2E02A5E3,0,1,1,4294967295,0,0
SpikeUp,400,0,1B2F5086,0,1,1,4294967295,0,0
SpikeUp,512,192,B33144E9,0,1,1,4294967295,0,0
SpikeUp,768,192,DD387DFA,0,1,1,4294967295,0,0
SpikeDown,608,192,4E139E44,0,1,1,4294967295,0,0
SpikeDown,576,192,5EBEB8CF,0,1,1,4294967295,0,0
SpikeLeft,368,192,BC8BEFF6,0,1,1,4294967295,0,0
SpikeDown,160,192,021A0B5B,0,1,1,4294967295,0,0
MiniSpikeRight,208,192,49D8D1C1,0,1,1,4294967295,0,0
SpikeUp,528,224,4FD1659D,0,1,1,4294967295,0,0
SpikeUp,496,224,7CE6F5D7,0,1,1,4294967295,0,0
MiniSpikeDown,784,224,2FD0BFCA,0,1,1,4294967295,0,0
MiniSpikeDown,768,224,D0887BE7,0,1,1,4294967295,0,0
SpikeRight,288,224,1E7C15EC,0,1,1,4294967295,0,0
MiniSpikeLeft,240,224,9897B870,0,1,1,4294967295,0,0
SpikeLeft,464,160,9ABFEBC2,0,1,1,4294967295,0,0
SpikeRight,432,160,7A663EF9,0,1,1,4294967295,0,0
SpikeUp,752,160,E17C464F,0,1,1,4294967295,0,0
SpikeUp,608,160,4388F107,0,1,1,4294967295,0,0
SpikeUp,576,160,D2B8D288,0,1,1,4294967295,0,0
SpikeLeft,320,160,7E594487,0,1,1,4294967295,0,0
MiniSpikeRight,112,160,27BD5AF4,0,1,1,4294967295,0,0
MiniSpikeLeft,64,160,2DE596F1,0,1,1,4294967295,0,0
SpikeRight,192,160,8B187CD9,0,1,1,4294967295,0,0
MiniSpikeLeft,240,160,808DF453,0,1,1,4294967295,0,0
SpikeRight,352,160,1117740E,0,1,1,4294967295,0,0
MiniSpikeRight,288,160,A790E6C4,0,1,1,4294967295,0,0
SpikeDown,592,96,3ED8A068,0,1,1,4294967295,0,0
SpikeDown,544,96,12C0FE5F,0,1,1,4294967295,0,0
SpikeUp,688,368,2A5C8A0A,0,1,1,4294967295,0,0
SpikeRight,560,432,AFAE9A66,0,1,1,4294967295,0,0
MiniSpikeDown,720,432,BCDF1B64,0,1,1,4294967295,0,0
MiniSpikeDown,704,432,07387DBD,0,1,1,4294967295,0,0
SpikeLeft,736,480,EF1D847F,0,1,1,4294967295,0,0
MiniSpikeRight,768,480,80CA96BD,0,1,1,4294967295,0,0
SpikeDown,528,464,CB3D28E1,0,1,1,4294967295,0,0
SpikeUp,544,464,DC8BB6BF,0,1,1,4294967295,0,0
SpikeUp,464,464,F825FD68,0,1,1,4294967295,0,0
MiniSpikeRight,440,448,7611370F,0,1,1,4294967295,0,0
SpikeLeft,528,336,59C2489C,0,1,1,4294967295,0,0
SpikeUp,408,336,B0B78707,0,1,1,4294967295,0,0
SpikeDown,392,336,E01E619C,0,1,1,4294967295,0,0
SpikeLeft,704,496,172516A3,0,1,1,4294967295,0,0
MiniSpikeRight,768,496,59688CDC,0,1,1,4294967295,0,0
SpikeDown,464,496,3D4BE94A,0,1,1,4294967295,0,0
SpikeDown,624,416,9A7B2E88,0,1,1,4294967295,0,0
SpikeDown,464,416,7CFF2630,0,1,1,4294967295,0,0
SpikeDown,208,416,D3D6E8BF,0,1,1,4294967295,0,0
MiniSpikeLeft,256,376,AF5D2098,0,1,1,4294967295,0,0
MiniSpikeRight,272,376,DEEE4784,0,1,1,4294967295,0,0
SpikeUp,704,400,9AF7B19E,0,1,1,4294967295,0,0
SpikeRight,96,400,E8FE322B,0,1,1,4294967295,0,0
SpikeLeft,64,400,DE350BF7,0,1,1,4294967295,0,0
SpikeDown,608,384,7AC3DD5C,0,1,1,4294967295,0,0
SpikeUp,624,384,A32E61C3,0,1,1,4294967295,0,0
MiniSpikeDown,736,384,CE60227E,0,1,1,4294967295,0,0
MiniSpikeDown,720,384,3ED090E9,0,1,1,4294967295,0,0
SpikeRight,496,384,859597A7,0,1,1,4294967295,0,0
SpikeRight,288,384,A9C81508,0,1,1,4294967295,0,0
SpikeLeft,176,384,B0D7140F,0,1,1,4294967295,0,0
MiniSpikeLeft,272,384,B79122E3,0,1,1,4294967295,0,0
SpikeDown,112,384,18B82DC6,0,1,1,4294967295,0,0
SpikeDown,48,384,3DAA18A3,0,1,1,4294967295,0,0
SpikeLeft,560,352,12EB44AD,0,1,1,4294967295,0,0
SpikeUp,720,352,E93D6EC7,0,1,1,4294967295,0,0
SpikeDown,128,352,468E08CE,0,1,1,4294967295,0,0
SpikeDown,32,352,4B33F25F,0,1,1,4294967295,0,0
SpikeUp,128,272,5B3FF20F,0,1,1,4294967295,0,0
SpikeUp,176,272,F8FF597C,0,1,1,4294967295,0,0
SpikeUp,32,272,5656653F,0,1,1,4294967295,0,0
SpikeRight,672,240,9201A1F2,0,1,1,4294967295,0,0
SpikeUp,144,240,FA35FE65,0,1,1,4294967295,0,0
SpikeUp,16,240,91834724,0,1,1,4294967295,0,0
SpikeRight,704,128,975A62A0,0,1,1,4294967295,0,0
MiniSpikeRight,112,128,7A597086,0,1,1,4294967295,0,0
MiniSpikeLeft,64,128,86792DD6,0,1,1,4294967295,0,0
SpikeLeft,128,120,032DF046,0,1,1,4294967295,0,0
MiniSpikeDown,272,176,5CD00032,0,1,1,4294967295,0,0
MiniSpikeDown,256,176,ADC3E243,0,1,1,4294967295,0,0
MiniSpikeUp,400,144,B8530404,0,1,1,4294967295,0,0
MiniSpikeUp,416,144,3A545C66,0,1,1,4294967295,0,0
SpikeDown,400,64,53481C75,0,1,1,4294967295,0,0
SpikeLeft,704,32,9F33A949,0,1,1,4294967295,0,0
SpikeRight,432,32,65ABDE71,0,1,1,4294967295,0,0
SpikeRight,320,136,5FC9A73F,0,1,1,4294967295,0,0
SpikeLeft,288,136,1F8A9E3A,0,1,1,4294967295,0,0
SpikeLeft,320,48,3C48B2F5,0,1,1,4294967295,0,0
SpikeRight,288,48,D03B2B06,0,1,1,4294967295,0,0
MiniSpikeUp,560,48,66EAD6E1,0,1,1,4294967295,0,0
MiniSpikeUp,544,48,0985982C,0,1,1,4294967295,0,0
MiniSpikeLeft,64,48,97795B90,0,1,1,4294967295,0,0
MiniSpikeRight,112,48,1081F32E,0,1,1,4294967295,0,0
SpikeDown,352,80,EA3C31C2,0,1,1,4294967295,0,0
SpikeDown,256,80,F765F9CC,0,1,1,4294967295,0,0
MiniSpikeLeft,64,80,054BF29F,0,1,1,4294967295,0,0
MiniSpikeRight,112,80,F7A38182,0,1,1,4294967295,0,0
SpikeRight,160,88,9BAB1F0E,0,1,1,4294967295,0,0
SpikeRight,256,208,136D8164,0,1,1,4294967295,0,0
MiniSpikeLeft,240,208,498C209A,0,1,1,4294967295,0,0
MiniSpikeDown,192,208,4F70A572,0,1,1,4294967295,0,0
SpikeDown,592,288,C77AF31E,0,1,1,4294967295,0,0
SpikeUp,608,288,8DA2D5E4,0,1,1,4294967295,0,0
SpikeDown,640,288,948BD866,0,1,1,4294967295,0,0
SpikeUp,656,288,F9D51E19,0,1,1,4294967295,0,0
SpikeDown,496,288,6B8FC8BD,0,1,1,4294967295,0,0
SpikeUp,320,288,6D4139E7,0,1,1,4294967295,0,0
SpikeDown,336,288,F72D68FB,0,1,1,4294967295,0,0
SpikeDown,656,320,0BAA6009,0,1,1,4294967295,0,0
SpikeUp,736,320,D125A5C6,0,1,1,4294967295,0,0
SpikeDown,512,320,0056F6DF,0,1,1,4294967295,0,0
SpikeLeft,288,320,DF8B6690,0,1,1,4294967295,0,0
SpikeDown,704,256,81A300DB,0,1,1,4294967295,0,0
SpikeUp,336,256,23EB2A35,0,1,1,4294967295,0,0
MiniSpikeDown,416,256,DAD616B5,0,1,1,4294967295,0,0
MiniSpikeDown,400,256,6963C69B,0,1,1,4294967295,0,0
MiniSpikeLeft,80,256,AE8314A2,0,1,1,4294967295,0,0
MiniSpikeRight,96,256,F7142253,0,1,1,4294967295,0,0
SpikeLeft,752,304,45C5864C,0,1,1,4294967295,0,0
SpikeUp,392,304,3FF4D1A5,0,1,1,4294967295,0,0
SpikeUp,488,48,5D01209D,0,1,1,4294967295,0,0
SpikeUp,472,80,7902D46B,0,1,1,4294967295,0,0
MiniSpikeDown,472,112,ABD8FF25,0,1,1,4294967295,0,0
MiniSpikeDown,488,112,AA86D3FE,0,1,1,4294967295,0,0
SpikeRight,576,496,939F4361,0,1,1,4294967295,0,0
MiniSpikeLeft,608,504,B0D967E3,0,1,1,4294967295,0,0
MiniSpikeRight,624,504,13E5F01E,0,1,1,4294967295,0,0
Block,784,304,AB16A649,0,1,1,4294967295,0,0
Block,704,-16,7548D3BF,0,1,1,4294967295,0,0
Block,592,192,89A53FA5,0,1,1,4294967295,0,0
Block,704,192,C8E7A343,0,1,1,4294967295,0,0
Block,400,192,6E71BBE2,0,1,1,4294967295,0,0
Block,704,224,137CDF12,0,1,1,4294967295,0,0
Block,672,224,2FAFC173,0,1,1,4294967295,0,0
Block,640,224,899AB8FA,0,1,1,4294967295,0,0
Block,400,224,3641A5DA,0,1,1,4294967295,0,0
Block,80,160,7672C068,0,1,1,4294967295,0,0
Block,400,160,BDAAD493,0,1,1,4294967295,0,0
Block,80,96,B7388359,0,1,1,4294967295,0,0
Block,704,16,71FDD3FD,0,1,1,4294967295,0,0
Block,408,368,AFCD2EF6,0,1,1,4294967295,0,0
Block,176,368,8107B679,0,1,1,4294967295,0,0
Block,288,432,9501785D,0,1,1,4294967295,0,0
Block,320,432,B19AD7A9,0,1,1,4294967295,0,0
Block,352,432,3E27064B,0,1,1,4294967295,0,0
Block,176,336,AF4214DA,0,1,1,4294967295,0,0
Block,544,496,620D666F,0,1,1,4294967295,0,0
Block,408,400,B655165D,0,1,1,4294967295,0,0
Block,288,400,C2CE3092,0,1,1,4294967295,0,0
Block,608,352,23E6F91A,0,1,1,4294967295,0,0
Block,80,128,E313273E,0,1,1,4294967295,0,0
Block,704,144,EDBB25FF,0,1,1,4294967295,0,0
Block,592,64,143E8870,0,1,1,4294967295,0,0
Block,80,64,E631A0D4,0,1,1,4294967295,0,0
Block,544,64,EE12D559,0,1,1,4294967295,0,0
Block,80,32,AC88E09F,0,1,1,4294967295,0,0
Block,528,288,8CFED190,0,1,1,4294967295,0,0
Block,608,320,DC8FCCC8,0,1,1,4294967295,0,0
Block,528,320,05557732,0,1,1,4294967295,0,0
Block,528,256,F617E562,0,1,1,4294967295,0,0
Block,640,256,709A4E41,0,1,1,4294967295,0,0
Block,496,256,2D5F8EAD,0,1,1,4294967295,0,0
Block,176,304,D09A8273,0,1,1,4294967295,0,0
levis_BorderTile,0,0,FC3BE01A,0,1,1,4294967295,0,0
Cherry,416,48,A54C6A41,0,1,1,4294967295,0,0
Cherry,368,64,11DBF2AD,0,1,1,4294967295,0,0
Cherry,272,64,A26EE793,0,1,1,4294967295,0,0
Platform,400,112,D003E300,0,1,1,4294967295,0,1
Platform,80,224,DAE7AD5F,0,1,1,4294967295,0,1
Platform,256,160,4AB27651,0,1,1,4294967295,0,1
Platform,176,416,48311866,0,1,1,4294967295,0,1
PlayerStart,672,192,9BAD9F28,0,1,1,4294967295,0,0
SaveVeryHard,640,192,642D78B4,0,1,1,4294967295,0,0
Warp,736,448,B349D9A5,0,1,1,4294967295,0,1
SaveVeryHard,320,400,E1B9C976,0,1,1,4294967295,0,0
Trigger,80,0,B0431364,0,1,1,4294967295,0,1
Warp,24,96,B2D89D29,0,1,1,4294967295,0,1
WaterRefreshing,608,192,C4546A01,0,1,1,4294967295,0,0
WaterRefreshing,368,208,270AEDEF,0,1,0.5,4294967295,0,0
Water,592,224,36E0F216,0,1,1,4294967295,0,0
Water,408,432,3E4B7DEC,0,1,1,4294967295,0,0
Water,528,464,3116B0D3,0,0.5,2,4294967295,0,0
WaterRefreshing,464,464,EDEAFDF6,0,1,1,4294967295,0,0
Water,288,240,BB878918,0,1,3,4294967295,0,0
WaterRefreshing,432,48,CF6AF8DC,0,1,0.5,4294967295,0,0
Water,592,256,E7975CB4,0,1,1,4294967295,0,0
WaterRefreshing,672,256,D741C9A6,0,1.5,1,4294967295,0,0
Water,128,304,BA1C9520,0,1,1.5,4294967295,0,0
WaterRefreshing,32,304,F1E14300,0,1,1.5,4294967295,0,0
WaterCatharsis,704,48,A7C4901F,0,1,3,4294967295,0,0
WaterCatharsis,256,384,C7463295,0,1,2.5,4294967295,0,0
