stv_ShaderPink,32,0,290A0B99,0,1,1,4294967295,0,0
ShaderReset,32,0,7F6A4502,0,1,1,4294967295,0,0
ShaderReset,51,0,74B83C38,0,1,1,4294967295,0,0
SpikeUp,224,448,4AF1139D,0,1,1,4294967295,0,0
SpikeUp,160,416,D72CCD27,0,1,1,4294967295,0,0
SpikeRight,272,352,BD35D304,0,1,1,4294967295,0,0
SpikeLeft,288,432,75F52F27,0,1,1,4294967295,0,0
SpikeLeft,352,352,839F79FB,0,1,1,4294967295,0,0
SpikeRight,384,352,CDDD9F00,0,1,1,4294967295,0,0
SpikeUp,400,432,9D57D864,0,1,1,4294967295,0,0
SpikeDown,400,464,38F77EC5,0,1,1,4294967295,0,0
SpikeDown,352,464,F3E5CA6A,0,1,1,4294967295,0,0
SpikeUp,272,576,64235436,0,1,1,4294967295,0,0
SpikeRight,192,560,4E1FED2A,0,1,1,4294967295,0,0
SpikeLeft,368,544,6E5B9F67,0,1,1,4294967295,0,0
SpikeLeft,96,448,12229284,0,1,1,4294967295,0,0
SpikeUp,96,528,72C7FCB2,0,1,1,4294967295,0,0
SpikeUp,16,384,013B03D3,0,1,1,4294967295,0,0
SpikeDown,240,384,548192B5,0,1,1,4294967295,0,0
MiniSpikeDown,128,480,69091264,0,1,1,4294967295,0,0
MiniSpikeDown,144,480,8B7F03A2,0,1,1,4294967295,0,0
SpikeRight,80,256,0E6009E2,0,1,1,4294967295,0,0
SpikeUp,160,288,A1433AB0,0,1,1,4294967295,0,0
SpikeUp,48,208,3A684943,0,1,1,4294967295,0,0
SpikeUp,80,208,F7A7EB8C,0,1,1,4294967295,0,0
SpikeLeft,208,352,D17C9C64,0,1,1,4294967295,0,0
SpikeLeft,160,208,E8921152,0,1,1,4294967295,0,0
SpikeDown,256,224,0519F060,0,1,1,4294967295,0,0
MiniSpikeUp,224,192,2CD01730,0,1,1,4294967295,0,0
SpikeLeft,352,208,1ED29842,0,1,1,4294967295,0,0
SpikeDown,384,272,97664972,0,1,1,4294967295,0,0
SpikeDown,416,240,B14AAF3F,0,1,1,4294967295,0,0
SpikeUp,384,176,664346CC,0,1,1,4294967295,0,0
SpikeRight,192,208,BC6597FE,0,1,1,4294967295,0,0
MiniSpikeUp,208,64,7551C221,0,1,1,4294967295,0,0
SpikeRight,256,80,4D58FEC6,0,1,1,4294967295,0,0
SpikeLeft,256,0,8E0A133B,0,1,1,4294967295,0,0
SpikeDown,416,96,04EB1E0A,0,1,1,4294967295,0,0
SpikeDown,400,64,FFABBB18,0,1,1,4294967295,0,0
SpikeDown,432,64,D9A37BAF,0,1,1,4294967295,0,0
SpikeLeft,128,-16,59DEC0C0,0,1,1,4294967295,0,0
SpikeUp,464,208,19118FAD,0,1,1,4294967295,0,0
SpikeUp,496,144,3BD8A829,0,1,1,4294967295,0,0
SpikeRight,528,176,C5E5800B,0,1,1,4294967295,0,0
SpikeRight,560,192,6099EFC7,0,1,1,4294967295,0,0
SpikeRight,528,208,E112989B,0,1,1,4294967295,0,0
MiniSpikeUp,416,416,89E93D81,0,1,1,4294967295,0,0
MiniSpikeUp,448,336,31C41DC8,0,1,1,4294967295,0,0
MiniSpikeUp,400,304,6DA8A0E0,0,1,1,4294967295,0,0
MiniSpikeUp,464,336,C20E748A,0,1,1,4294967295,0,0
SpikeUp,480,320,62DADAF9,0,1,1,4294967295,0,0
SpikeDown,448,384,5ACF5246,0,1,1,4294967295,0,0
SpikeRight,432,544,F6D144D0,0,1,1,4294967295,0,0
SpikeUp,464,432,8C29D936,0,1,1,4294967295,0,0
SpikeLeft,512,464,4AEEB8AB,0,1,1,4294967295,0,0
SpikeDown,560,400,0C6FE29F,0,1,1,4294967295,0,0
SpikeUp,560,368,17C4D96C,0,1,1,4294967295,0,0
SpikeDown,592,384,360CBDA0,0,1,1,4294967295,0,0
SpikeLeft,640,272,E2FB60DC,0,1,1,4294967295,0,0
SpikeRight,672,272,FF900A7F,0,1,1,4294967295,0,0
SpikeUp,736,320,FAD91384,0,1,1,4294967295,0,0
MiniSpikeUp,576,272,E21C6F72,0,1,1,4294967295,0,0
MiniSpikeUp,608,272,2218FB48,0,1,1,4294967295,0,0
SpikeUp,672,160,9DDE0639,0,1,1,4294967295,0,0
SpikeLeft,640,192,2753FBE2,0,1,1,4294967295,0,0
SpikeUp,736,160,DFF18FC9,0,1,1,4294967295,0,0
MiniSpikeDown,240,512,CAF03F1D,0,1,1,4294967295,0,0
MiniSpikeDown,224,512,1092DC26,0,1,1,4294967295,0,0
Block,192,480,F2C2188D,0,1,1,4294967295,0,0
Block,224,480,4D55FCA8,0,1,1,4294967295,0,0
Block,160,448,56D291F5,0,1,1,4294967295,0,0
BlockUnstable,320,432,BABD58CA,0,1,1,4294967295,0,0
Block,240,352,EB6C7683,0,1,1,4294967295,0,0
BlockUnstable,240,320,E4C2B6E7,0,1,1,4294967295,0,0
Block,384,336,92902B90,0,1,1,4294967295,0,0
BlockUnstable,352,432,69CBD8CC,0,1,1,4294967295,0,0
BlockUnstable,400,512,EFD6AA61,0,1,1,4294967295,0,0
Block,400,544,6E9B2DA4,0,1,1,4294967295,0,0
Block,368,576,52422654,0,1,1,4294967295,0,0
Block,400,576,0A6098E6,0,1,1,4294967295,0,0
BlockUnstable,160,560,D159F981,0,1,1,4294967295,0,0
Block,160,592,43199BCD,0,1,1,4294967295,0,0
BlockUnstable,272,512,77FB539A,0,1,1,4294967295,0,0
Block,128,448,D6847913,0,1,1,4294967295,0,0
Block,96,560,4912E57B,0,1,1,4294967295,0,0
Block,96,592,0744FA14,0,1,1,4294967295,0,0
Block,160,480,73CBD0F4,0,1,0.5,4294967295,0,0
Block,16,480,C724399E,0,1,1,4294967295,0,0
BlockUnstable,48,448,107CE340,0,1,1,4294967295,0,0
BlockUnstable,16,448,7B76433E,0,1,1,4294967295,0,0
Block,128,416,6945A6CB,0,1,1,4294967295,0,0
Block,128,384,66F19F2B,0,1,1,4294967295,0,0
Block,128,352,F956BA0A,0,1,1,4294967295,0,0
BlockUnstable,16,416,1C2690B3,0,1,1,4294967295,0,0
BlockUnstable,80,352,A6A65319,0,0.5,1,4294967295,0,0
BlockUnstable,96,352,EDCB01F6,0,1,1,4294967295,0,0
Block,128,320,D634F73E,0,1,1,4294967295,0,0
Block,48,272,B4E13675,0,1,1,4294967295,0,0
Block,48,240,DAF9F3FD,0,1,1,4294967295,0,0
Block,80,240,1BAF2AE5,0,1,1,4294967295,0,0
Block,160,320,5628B0CF,0,1,1,4294967295,0,0
Block,224,208,453CFCEE,0,0.5,0.5,4294967295,0,0
Block,224,224,97163763,0,0.5,1,4294967295,0,0
Block,256,208,E19227A3,0,1,0.5,4294967295,0,0
Block,384,208,1427DF78,0,1,1,4294967295,0,0
Block,384,240,000CB832,0,1,1,4294967295,0,0
BlockUnstable,416,208,BD08EA96,0,1,1,4294967295,0,0
Block,192,112,39FF2C8F,0,1,1,4294967295,0,0
BlockUnstable,192,80,2FDB6007,0,1,1,4294967295,0,0
Block,224,80,B9B797F0,0,1,1,4294967295,0,0
Block,224,112,0EF45D5A,0,1,1,4294967295,0,0
Block,256,112,59756CE0,0,1,1,4294967295,0,0
Block,288,0,F7F86D3E,0,1,1,4294967295,0,0
Block,400,0,D623B8AA,0,1,1,4294967295,0,0
Block,400,32,F97B0D49,0,1,1,4294967295,0,0
Block,432,32,492B6FCD,0,1,1,4294967295,0,0
Block,160,-16,37D18947,0,1,1,4294967295,0,0
Block,464,240,70A9721F,0,1,1,4294967295,0,0
Block,496,240,6D998A05,0,1,1,4294967295,0,0
Block,496,208,6525ACE8,0,1,1,4294967295,0,0
Block,496,176,F06C6915,0,1,1,4294967295,0,0
Block,416,432,2C6C2380,0,0.5,1,4294967295,0,0
Block,400,320,19A8F3F4,0,0.5,0.5,4294967295,0,0
Block,448,352,F42CDCBB,0,1,1,4294967295,0,0
Block,480,352,D9D2DA3F,0,1,1,4294967295,0,0
Block,464,464,C5828539,0,1,1,4294967295,0,0
Block,432,576,94C84EFD,0,1,1,4294967295,0,0
Block,544,496,FA6B4567,0,1,1,4294967295,0,0
BlockUnstable,544,464,0270E84C,0,1,1,4294967295,0,0
Block,576,464,84F3C3D4,0,1,1,4294967295,0,0
BlockUnstable,576,496,D30768F9,0,1,1,4294967295,0,0
BlockUnstable,704,320,D0234B5F,0,1,1,4294967295,0,0
Block,704,352,80E610A1,0,1,1,4294967295,0,0
BlockUnstable,736,352,24500D7C,0,1,1,4294967295,0,0
Block,576,288,E133D55B,0,0.5,1,4294967295,0,0
Block,608,288,7970BC2C,0,0.5,1,4294967295,0,0
Block,640,256,649F2D7F,0,1,1,4294967295,0,0
Block,672,256,3D2BBE3B,0,1,1,4294967295,0,0
Block,672,224,03BF08F6,0,1,1,4294967295,0,0
Block,672,192,A46A46D6,0,1,1,4294967295,0,0
BlockUnstable,592,352,3B1652C9,0,1,1,4294967295,0,0
BlockUnstable,624,352,5903C578,0,1,1,4294967295,0,0
Block,624,384,1325982C,0,1,1,4294967295,0,0
Block,704,192,CA39C450,0,1,1,4294967295,0,0
Block,736,192,3745FE48,0,1,1,4294967295,0,0
VineRight,368,576,33B5387A,0,1,1,4294967295,0,0
VineRight,96,560,3AC9E41E,0,1,1,4294967295,0,0
VineLeft,16,416,5005B388,0,1,1,4294967295,0,0
VineRight,240,320,596FA184,0,1,1,4294967295,0,0
VineRight,192,80,3C5BB530,0,1,1,4294967295,0,0
VineRight,192,112,492B1492,0,1,1,4294967295,0,0
VineLeft,256,112,DCDCC961,0,1,1,4294967295,0,0
VineLeft,160,-16,8DE267EF,0,1,1,4294967295,0,0
VineLeft,432,576,FE9AB0C6,0,1,1,4294967295,0,0
VineLeft,624,384,9A9A127A,0,1,1,4294967295,0,0
PlayerStart,192,448,CBEEBC8C,0,1,1,4294967295,0,0
SaveVeryHard,192,448,12D460FD,0,1,1,4294967295,0,0
Cherry,272,464,7622377E,0,1,1,4294967295,0,0
Cherry,336,368,EDAB3E2D,0,1,1,4294967295,0,0
Cherry,304,560,14C4BABE,0,1,1,4294967295,0,0
Cherry,192,368,9E88C3B5,0,1,1,4294967295,0,0
Cherry,320,528,DF1020FE,0,1,1,4294967295,0,0
Cherry,112,336,8B4AB6D1,0,1,1,4294967295,0,0
Cherry,288,192,500D26C2,0,1,1,4294967295,0,0
Cherry,272,160,9BE7BD29,0,1,1,4294967295,0,0
Cherry,496,416,936C7582,0,1,1,4294967295,0,0
Cherry,656,432,40D52E9A,0,1,1,4294967295,0,0
Cherry,672,464,F4FFC0DB,0,1,1,4294967295,0,0
Platform,704,304,46D6F61C,0,1,1,4294967295,0,0
Cherry,720,272,363B2694,0,1,1,4294967295,0,0
Cherry,640,304,3A5DC89C,0,1,1,4294967295,0,0
Cherry,640,144,96EB9596,0,1,1,4294967295,0,0
Cherry,672,112,D8F5DA23,0,1,1,4294967295,0,0
Warp,704,96,05A7F099,0,1,1,4294967295,0,0
WaterRefreshing,352,368,A7FB0F01,0,1,0.5,4294967295,0,0
Water,352,384,0A1C9600,0,1,1.5,4294967295,0,0
WaterCatharsis,96,464,61E14C1A,0,1,3,4294967295,0,0
WaterRefreshing,160,496,C32671E8,0,0.5,2,4294967295,0,0
WaterRefreshing,96,384,E2EBAEF7,0,0.5,2.5,4294967295,0,0
WaterCatharsis,256,16,8642BD61,0,1,2.5,4294967295,0,0
Water,592,288,7E98FBAD,0,0.5,0.5,4294967295,0,0
Water,584,272,53DC17DD,0,1,0.5,4294967295,0,0
