stv_ShaderPink,0,0,290A0B99,0,1,1,4294967295,0,0
stv_ShaderPink,400,192,8C3BEF3B,0,1,1,4294967295,0,0
ShaderReset,0,0,7F6A4502,0,1,1,4294967295,0,0
ShaderReset,19,0,74B83C38,0,1,1,4294967295,0,0
SpikeUp,432,512,F94CFA03,0,1,1,4294967295,0,0
SpikeDown,592,480,31E82587,0,1,1,4294967295,0,0
SpikeUp,400,512,E8ECB020,0,1,1,4294967295,0,0
SpikeUp,464,576,9B1EB866,0,1,1,4294967295,0,0
SpikeDown,496,480,BD036CA7,0,1,1,4294967295,0,0
SpikeDown,448,448,C66E9D2C,0,1,1,4294967295,0,0
SpikeUp,448,352,7D4B52FE,0,1,1,4294967295,0,0
SpikeLeft,624,336,CE2CEC49,0,1,1,4294967295,0,0
SpikeUp,496,384,218D682F,0,1,1,4294967295,0,0
SpikeDown,496,320,E6702621,0,1,1,4294967295,0,0
SpikeRight,528,288,DFE78945,0,1,1,4294967295,0,0
SpikeUp,496,256,E83AA1CC,0,1,1,4294967295,0,0
SpikeDown,400,288,775B3AC7,0,1,1,4294967295,0,0
SpikeLeft,496,192,552A8350,0,1,1,4294967295,0,0
SpikeRight,528,192,CF76BFFA,0,1,1,4294967295,0,0
SpikeDown,624,544,2CD5C1E9,0,1,1,4294967295,0,0
SpikeUp,752,416,3DB9C81E,0,1,1,4294967295,0,0
SpikeDown,720,368,76434273,0,1,1,4294967295,0,0
MiniSpikeRight,576,496,A11F8AFD,0,1,1,4294967295,0,0
SpikeLeft,688,480,E1BFC957,0,1,1,4294967295,0,0
SpikeUp,656,272,4CF73343,0,1,1,4294967295,0,0
SpikeRight,656,336,0394C6E5,0,1,1,4294967295,0,0
SpikeUp,736,304,54528401,0,1,1,4294967295,0,0
SpikeLeft,672,208,14398E2A,0,1,1,4294967295,0,0
SpikeLeft,704,224,E0B18842,0,1,1,4294967295,0,0
SpikeLeft,704,192,095DA1F3,0,1,1,4294967295,0,0
SpikeUp,320,448,F4A2A411,0,1,1,4294967295,0,0
SpikeDown,320,480,4B22D0FE,0,1,1,4294967295,0,0
SpikeLeft,320,384,EF75962D,0,1,1,4294967295,0,0
SpikeRight,320,304,36EAABD6,0,1,1,4294967295,0,0
SpikeUp,288,240,1CC83E70,0,1,1,4294967295,0,0
SpikeUp,256,272,F91E7E12,0,1,1,4294967295,0,0
MiniSpikeLeft,256,336,DC945B74,0,1,1,4294967295,0,0
MiniSpikeRight,272,336,34D3B6E4,0,1,1,4294967295,0,0
SpikeUp,240,400,1FA9E7F2,0,1,1,4294967295,0,0
SpikeRight,160,448,1FACCBDD,0,1,1,4294967295,0,0
SpikeUp,80,448,40AE8B27,0,1,1,4294967295,0,0
SpikeDown,80,480,1E14127A,0,1,1,4294967295,0,0
SpikeLeft,64,416,E3AA33E3,0,1,1,4294967295,0,0
SpikeDown,32,352,B5C0AC16,0,1,1,4294967295,0,0
MiniSpikeRight,0,328,7306E09C,0,1,1,4294967295,0,0
SpikeLeft,32,240,E6D34E50,0,1,1,4294967295,0,0
SpikeDown,80,160,0DF534C5,0,1,1,4294967295,0,0
SpikeUp,128,128,241ED9A6,0,1,1,4294967295,0,0
SpikeUp,160,32,3B24155A,0,1,1,4294967295,0,0
SpikeRight,192,64,BD4B7321,0,1,1,4294967295,0,0
SpikeRight,224,80,DFDD5874,0,1,1,4294967295,0,0
SpikeRight,192,96,B12B2C13,0,1,1,4294967295,0,0
SpikeUp,192,240,B1CC4D20,0,1,1,4294967295,0,0
SpikeRight,192,160,031A1AD8,0,1,1,4294967295,0,0
SpikeUp,128,416,F8D41DA9,0,1,1,4294967295,0,0
MiniSpikeDown,220,320,EF63E29C,0,1,1,4294967295,0,0
MiniSpikeUp,220,304,7ACC7C0F,0,1,1,4294967295,0,0
SpikeUp,96,320,AC0279AD,0,1,1,4294967295,0,0
MiniSpikeUp,96,112,CBD14156,0,1,1,4294967295,0,0
SpikeDown,96,48,F011495C,0,1,1,4294967295,0,0
MiniSpikeUp,48,56,58D29BBB,0,1,1,4294967295,0,0
SpikeLeft,64,-16,DB4767E0,0,1,1,4294967295,0,0
SpikeUp,400,192,FDFC8A2D,0,1,1,4294967295,0,0
SpikeLeft,400,112,5DDB96AC,0,1,1,4294967295,0,0
SpikeRight,432,112,61695DA4,0,1,1,4294967295,0,0
MiniSpikeRight,528,424,DB2D86E3,0,1,1,4294967295,0,0
MiniSpikeDown,576,384,55ADFD66,0,1,1,4294967295,0,0
MiniSpikeDown,592,384,8D757867,0,1,1,4294967295,0,0
MiniSpikeUp,704,144,A732754B,0,1,1,4294967295,0,0
MiniSpikeUp,752,144,817CF51D,0,1,1,4294967295,0,0
SpikeUp,720,128,8FA85150,0,1,1,4294967295,0,0
MiniSpikeRight,464,96,808125F4,0,1,1,4294967295,0,0
MiniSpikeLeft,512,96,95928E9E,0,1,1,4294967295,0,0
Block,400,544,3C51CC41,0,1,1,4294967295,0,0
Block,432,544,161AD366,0,1,1,4294967295,0,0
Block,432,576,1598AFBB,0,1,1,4294967295,0,0
Block,400,576,7C720AFB,0,1,1,4294967295,0,0
BlockUnstable,544,480,2D5B1ED9,0,1,1,4294967295,0,0
BlockUnstable,544,544,42DBBEDF,0,1,1,4294967295,0,0
Block,544,576,7DE70EB8,0,1,1,4294967295,0,0
Block,624,480,B6A770B5,0,1,1,4294967295,0,0
Block,624,512,44315C37,0,1,1,4294967295,0,0
Block,368,576,B2711B65,0,1,1,4294967295,0,0
Block,336,576,5AEB74AF,0,1,1,4294967295,0,0
Block,496,448,7C2EA3D9,0,1,1,4294967295,0,0
Block,496,416,D882DD8B,0,1,1,4294967295,0,0
Block,448,416,6E2B091E,0,1,1,4294967295,0,0
Block,448,384,E7E75BD1,0,1,1,4294967295,0,0
BlockUnstable,416,384,02B24A63,0,1,1,4294967295,0,0
Block,496,288,293DB669,0,1,1,4294967295,0,0
Block,432,256,FD9838CD,0,1,1,4294967295,0,0
Block,400,256,12E6D758,0,1,1,4294967295,0,0
Block,400,224,9E18E2CD,0,1,1,4294967295,0,0
Block,432,224,C5E3FB18,0,1,1,4294967295,0,0
BlockUnstable,592,448,BEED9D90,0,1,1,4294967295,0,0
BlockUnstable,624,448,E82CA2F6,0,1,1,4294967295,0,0
Block,720,448,999E44C3,0,1,1,4294967295,0,0
Block,752,448,BAC67B97,0,1,1,4294967295,0,0
Block,720,480,BACDD7DC,0,1,1,4294967295,0,0
Block,720,512,E327719E,0,1,1,4294967295,0,0
Block,656,304,FAC09913,0,1,1,4294967295,0,0
Block,576,352,927B1A80,0,1,1,4294967295,0,0
Block,576,320,016ACD9C,0,1,1,4294967295,0,0
BlockUnstable,720,336,A59A0D5D,0,1,1,4294967295,0,0
Block,736,192,68492871,0,1,1,4294967295,0,0
Block,736,224,6514DA56,0,1,1,4294967295,0,0
Block,352,352,A5BB2237,0,1,1,4294967295,0,0
Block,352,384,1EF3355A,0,1,1,4294967295,0,0
Block,752,336,E52A2FBD,0,0.5,1,4294967295,0,0
Block,752,368,460E0DD1,0,1,1,4294967295,0,0
Block,288,304,F1BE19E4,0,1,1,4294967295,0,0
Block,288,272,BF63F1C7,0,1,1,4294967295,0,0
Block,256,304,3730BBB9,0,1,1,4294967295,0,0
Block,192,272,FCAC1472,0,1,1,4294967295,0,0
Block,240,432,B4B8254A,0,1,1,4294967295,0,0
Block,240,464,E4806F66,0,1,1,4294967295,0,0
Block,128,480,E322BDBE,0,1,1,4294967295,0,0
BlockUnstable,80,544,9C3B713A,0,1,1,4294967295,0,0
Block,160,480,94F5F8D6,0,1,1,4294967295,0,0
Block,160,512,6CAC304C,0,1,1,4294967295,0,0
Block,160,544,AFA220D4,0,1,1,4294967295,0,0
Block,80,576,CED5E94D,0,1,1,4294967295,0,0
BlockUnstable,16,480,91AC8913,0,1,1,4294967295,0,0
Block,-16,480,6BF823DB,0,1,1,4294967295,0,0
Block,-16,448,C5A75619,0,1,1,4294967295,0,0
BlockUnstable,32,320,B13AF125,0,1,1,4294967295,0,0
BlockUnstable,64,240,18A3AA59,0,1,1,4294967295,0,0
Block,128,192,D834E445,0,1,1,4294967295,0,0
Block,128,160,0B63307E,0,1,1,4294967295,0,0
Block,160,160,E3BB925C,0,1,1,4294967295,0,0
BlockUnstable,80,128,8C549BF4,0,1,1,4294967295,0,0
Block,160,128,BD734E19,0,1,1,4294967295,0,0
Block,160,96,90FEDEA6,0,1,1,4294967295,0,0
Block,160,64,AA9FF608,0,1,1,4294967295,0,0
Block,240,192,0EA5B079,0,1,1,4294967295,0,0
BlockUnstable,240,160,3708EB10,0,1,1,4294967295,0,0
Block,128,448,4886AEE3,0,1,1,4294967295,0,0
BlockUnstable,176,352,3620DCFB,0,1,1,4294967295,0,0
Block,96,352,0495574D,0,1,1,4294967295,0,0
Block,96,16,07249A24,0,1,1,4294967295,0,0
Block,96,-16,F25E9232,0,1,1,4294967295,0,0
Block,32,72,79E564E9,0,1,0.5,4294967295,0,0
Block,304,96,5C072671,0,1,1,4294967295,0,0
Block,336,64,E17E5B1C,0,1,1,4294967295,0,0
Block,336,96,2197B753,0,1,1,4294967295,0,0
Block,736,160,5F4D70EC,0,1,1,4294967295,0,0
Block,704,160,05E95ABC,0,1,1,4294967295,0,0
Block,16,72,B4F8034D,0,0.5,0.5,4294967295,0,0
BlockUnstable,432,80,1D362CB8,0,1,1,4294967295,0,0
Block,336,32,BF82B5FF,0,1,1,4294967295,0,0
Block,336,0,9F8B7EFB,0,1,1,4294967295,0,0
BlockUnstable,528,80,2D73725F,0,1,1,4294967295,0,0
BlockUnstable,528,48,83526DC3,0,1,1,4294967295,0,0
BlockUnstable,576,288,A54D47F4,0,1,1,4294967295,0,0
VineLeft,544,576,7068EFF5,0,1,1,4294967295,0,0
VineRight,544,576,24F968AD,0,1,1,4294967295,0,0
VineRight,496,288,2A2101D7,0,1,1,4294967295,0,0
VineRight,592,448,2F81721F,0,1,1,4294967295,0,0
VineLeft,656,304,C9AEE8C6,0,1,1,4294967295,0,0
VineRight,256,304,A4DFB504,0,1,1,4294967295,0,0
VineRight,240,432,AA13A4CF,0,1,1,4294967295,0,0
VineRight,80,544,A9E292CE,0,1,1,4294967295,0,0
VineLeft,64,240,48E64544,0,1,1,4294967295,0,0
VineRight,80,128,8BCD31BA,0,1,1,4294967295,0,0
VineLeft,240,160,11F7B9C0,0,1,1,4294967295,0,0
VineRight,528,48,B0C953BD,0,1,1,4294967295,0,0
PlayerStart,368,544,6C5CBCC4,0,1,1,4294967295,0,0
SaveVeryHard,368,544,53DA2A0F,0,1,1,4294967295,0,0
Cherry,688,400,DDCC9BF0,0,1,1,4294967295,0,1
Cherry,608,272,F9A814D2,0,1,1,4294967295,0,0
Cherry,616,240,193B5098,0,1,1,4294967295,0,0
Cherry,624,208,34501455,0,1,1,4294967295,0,0
Cherry,400,384,D16A84C8,0,1,1,4294967295,0,0
Sign,336,544,5991CCA4,0,1,1,4294967295,0,1
PlatformNosnap,256,352,EBB52B43,0,1,1,4294967295,0,0
Cherry,240,288,150CE997,0,1,1,4294967295,0,0
Cherry,288,480,F37ABB66,0,1,1,4294967295,0,0
Cherry,48,432,16AFAD97,0,1,1,4294967295,0,0
Cherry,112,288,E4F82538,0,1,1,4294967295,0,0
Cherry,176,288,8C9647D1,0,1,1,4294967295,0,0
Cherry,70,176,07A97C7E,0,1,1,4294967295,0,0
Cherry,416,168,7D0E4B8A,0,1,1,4294967295,0,0
Cherry,672,192,CC3A9992,0,1,1,4294967295,0,0
Warp,584,0,26FED016,0,1,1,4294967295,0,0
Cherry,784,176,E0494423,0,1,1,4294967295,0,0
Cherry,320,224,1A67A72B,0,1,1,4294967295,0,0
Cherry,496,112,0F8C8DC2,0,1,1,4294967295,0,0
WaterRefreshing,608,480,82FD9108,0,0.5,1,4294967295,0,0
Water,528,304,F0F03588,0,1,0.5,4294967295,0,0
Water,512,272,472628A0,0,0.5,0.5,4294967295,0,0
Water,528,272,5D722831,0,1,1,4294967295,0,0
WaterRefreshing,688,496,9A55359B,0,1,1.5,4294967295,0,0
Water,512,320,BC6E30F5,0,1.5,0.5,4294967295,0,0
Water,32,256,3892F9A5,0,1,2,4294967295,0,0
Water,96,160,EBEFF1F4,0,1,1,4294967295,0,0
Water,208,176,72AF70C3,0,0.5,3,4294967295,0,0
Water,112,128,B24A1D59,0,1,1,4294967295,0,0
WaterRefreshing,368,112,F1C4C392,0,2,0.5,4294967295,0,0
