very_PinkTiles,128,208,32,0,32,32,0,1,1,4294967295
very_PinkTiles,128,240,32,0,32,32,0,1,1,4294967295
very_PinkTiles,128,272,32,0,32,32,0,1,1,4294967295
very_PinkTiles,160,160,32,0,32,32,0,1,1,4294967295
very_PinkTiles,112,48,32,0,32,32,0,1,1,4294967295
very_PinkTiles,144,48,32,0,32,32,0,1,1,4294967295
very_PinkTiles,112,80,32,0,32,32,0,1,1,4294967295
very_PinkTiles,0,0,32,0,32,32,0,1,1,4294967295
very_PinkTiles,32,0,32,0,32,32,0,1,1,4294967295
very_PinkTiles,0,32,32,0,32,32,0,1,1,4294967295
very_PinkTiles,0,64,32,0,32,32,0,1,1,4294967295
very_PinkTiles,0,96,32,0,32,32,0,1,1,4294967295
very_PinkTiles,0,128,32,0,32,32,0,1,1,4294967295
very_PinkTiles,0,160,32,0,32,32,0,1,1,4294967295
very_PinkTiles,0,192,32,0,32,32,0,1,1,4294967295
very_PinkTiles,0,224,32,0,32,32,0,1,1,4294967295
very_PinkTiles,48,96,32,0,32,32,0,1,1,4294967295
very_PinkTiles,32,160,32,0,32,32,0,1,1,4294967295
very_PinkTiles,0,336,32,0,32,32,0,1,1,4294967295
very_PinkTiles,32,336,32,0,32,32,0,1,1,4294967295
very_PinkTiles,64,336,32,0,32,32,0,1,1,4294967295
very_PinkTiles,64,304,32,0,32,32,0,1,1,4294967295
very_PinkTiles,96,304,32,0,32,32,0,1,1,4294967295
very_PinkTiles,128,304,32,0,32,32,0,1,1,4294967295
very_PinkTiles,160,320,32,0,32,32,0,1,1,4294967295
very_PinkTiles,208,240,32,0,32,32,0,1,1,4294967295
very_PinkTiles,240,240,32,0,32,32,0,1,1,4294967295
very_PinkTiles,240,272,32,0,32,32,0,1,1,4294967295
very_PinkTiles,240,304,32,0,32,32,0,1,1,4294967295
very_PinkTiles,128,336,32,0,32,32,0,1,1,4294967295
very_PinkTiles,96,336,32,0,32,32,0,1,1,4294967295
very_PinkTiles,0,432,32,0,32,32,0,1,1,4294967295
very_PinkTiles,0,464,32,0,32,32,0,1,1,4294967295
very_PinkTiles,96,576,32,0,32,32,0,1,1,4294967295
very_PinkTiles,128,576,32,0,32,32,0,1,1,4294967295
very_PinkTiles,224,576,32,0,32,32,0,1,1,4294967295
very_PinkTiles,256,576,32,0,32,32,0,1,1,4294967295
very_PinkTiles,288,576,32,0,32,32,0,1,1,4294967295
very_PinkTiles,336,560,32,0,32,32,0,1,1,4294967295
very_PinkTiles,336,496,32,0,32,32,0,1,1,4294967295
very_PinkTiles,400,512,32,0,32,32,0,1,1,4294967295
very_PinkTiles,400,544,32,0,32,32,0,1,1,4294967295
very_PinkTiles,400,576,32,0,32,32,0,1,1,4294967295
very_PinkTiles,432,576,32,0,32,32,0,1,1,4294967295
very_PinkTiles,464,576,32,0,32,32,0,1,1,4294967295
very_PinkTiles,496,576,32,0,32,32,0,1,1,4294967295
very_PinkTiles,0,528,0,0,32,32,0,1,1,4294967295
very_PinkTiles,32,528,0,0,32,32,0,1,1,4294967295
very_PinkTiles,32,560,0,0,32,32,0,1,1,4294967295
very_PinkTiles,32,592,0,0,32,32,0,1,1,4294967295
very_PinkTiles,0,592,0,0,32,32,0,1,1,4294967295
very_PinkTiles,0,560,0,0,32,32,0,1,1,4294967295
very_PinkTiles,0,496,32,0,32,32,0,1,1,4294967295
very_PinkTiles,32,496,32,0,32,32,0,1,1,4294967295
very_PinkTiles,64,496,32,0,32,32,0,1,1,4294967295
very_PinkTiles,64,528,32,0,32,32,0,1,1,4294967295
very_PinkTiles,64,560,32,0,32,32,0,1,1,4294967295
very_PinkTiles,64,592,32,0,32,32,0,1,1,4294967295
very_PinkTiles,32,416,32,0,32,32,0,1,1,4294967295
very_PinkTiles,32,368,32,0,32,32,0,1,1,4294967295
very_PinkTiles,32,400,32,0,32,16,0,1,1,4294967295
very_PinkTiles,0,416,32,0,32,16,0,1,1,4294967295
very_PinkTiles,0,368,0,0,32,32,0,1,1,4294967295
very_PinkTiles,0,400,0,0,32,16,0,1,1,4294967295
very_PinkTiles,64,368,32,0,32,16,0,1,1,4294967295
very_PinkTiles,160,416,32,0,32,32,0,1,1,4294967295
very_PinkTiles,160,448,32,0,32,32,0,1,1,4294967295
very_PinkTiles,160,480,32,0,32,32,0,1,1,4294967295
very_PinkTiles,160,512,32,0,32,32,0,1,1,4294967295
very_PinkTiles,128,512,32,0,32,32,0,1,1,4294967295
very_PinkTiles,192,448,32,0,32,32,0,1,1,4294967295
very_PinkTiles,224,448,32,0,32,32,0,1,1,4294967295
very_PinkTiles,256,448,32,0,32,32,0,1,1,4294967295
very_PinkTiles,288,448,32,0,32,32,0,1,1,4294967295
very_PinkTiles,320,432,32,0,32,32,0,1,1,4294967295
very_PinkTiles,368,384,32,0,32,32,0,1,1,4294967295
very_PinkTiles,400,384,32,0,32,32,0,1,1,4294967295
very_PinkTiles,400,416,32,0,32,32,0,1,1,4294967295
very_PinkTiles,400,256,32,0,32,32,0,1,1,4294967295
very_PinkTiles,400,288,32,0,32,32,0,1,1,4294967295
very_PinkTiles,400,320,32,0,32,32,0,1,1,4294967295
very_PinkTiles,400,352,32,0,32,32,0,1,1,4294967295
very_PinkTiles,432,288,32,0,32,32,0,1,1,4294967295
very_PinkTiles,304,256,32,0,32,32,0,1,1,4294967295
very_PinkTiles,336,256,32,0,32,32,0,1,1,4294967295
very_PinkTiles,368,256,32,0,32,32,0,1,1,4294967295
very_PinkTiles,288,320,32,0,32,32,0,1,1,4294967295
very_PinkTiles,288,352,32,0,32,32,0,1,1,4294967295
very_PinkTiles,288,384,32,0,32,32,0,1,1,4294967295
very_PinkTiles,288,416,32,0,32,32,0,1,1,4294967295
very_PinkTiles,256,384,32,0,32,32,0,1,1,4294967295
very_PinkTiles,256,416,32,0,32,32,0,1,1,4294967295
very_PinkTiles,208,0,32,0,32,32,0,1,1,4294967295
very_PinkTiles,208,32,32,0,32,32,0,1,1,4294967295
very_PinkTiles,208,64,32,0,32,32,0,1,1,4294967295
very_PinkTiles,240,64,32,0,32,32,0,1,1,4294967295
very_PinkTiles,272,64,32,0,32,32,0,1,1,4294967295
very_PinkTiles,272,96,32,0,32,32,0,1,1,4294967295
very_PinkTiles,240,96,32,0,32,32,0,1,1,4294967295
very_PinkTiles,240,144,32,0,32,32,0,1,1,4294967295
very_PinkTiles,240,176,32,0,32,32,0,1,1,4294967295
very_PinkTiles,240,208,32,0,32,32,0,1,1,4294967295
very_PinkTiles,272,0,32,0,32,32,0,1,1,4294967295
very_PinkTiles,272,32,32,0,32,32,0,1,1,4294967295
very_PinkTiles,304,0,32,0,32,32,0,1,1,4294967295
very_PinkTiles,416,0,32,0,32,32,0,1,1,4294967295
very_PinkTiles,416,32,32,0,32,32,0,1,1,4294967295
very_PinkTiles,448,32,32,0,32,32,0,1,1,4294967295
very_PinkTiles,448,0,32,0,32,32,0,1,1,4294967295
very_PinkTiles,480,0,32,0,32,32,0,1,1,4294967295
very_PinkTiles,368,96,32,0,32,32,0,1,1,4294967295
very_PinkTiles,368,128,32,0,32,32,0,1,1,4294967295
very_PinkTiles,368,160,32,0,32,32,0,1,1,4294967295
very_PinkTiles,368,192,32,0,32,32,0,1,1,4294967295
very_PinkTiles,368,224,32,0,32,32,0,1,1,4294967295
very_PinkTiles,336,144,32,0,32,32,0,1,1,4294967295
very_PinkTiles,432,112,32,0,32,32,0,1,1,4294967295
very_PinkTiles,576,0,32,0,32,32,0,1,1,4294967295
very_PinkTiles,544,0,32,0,32,32,0,1,1,4294967295
very_PinkTiles,544,48,32,0,32,32,0,1,1,4294967295
very_PinkTiles,544,80,32,0,32,32,0,1,1,4294967295
very_PinkTiles,544,112,32,0,32,32,0,1,1,4294967295
very_PinkTiles,576,112,32,0,32,32,0,1,1,4294967295
very_PinkTiles,704,0,32,0,32,32,0,1,1,4294967295
very_PinkTiles,704,32,32,0,32,32,0,1,1,4294967295
very_PinkTiles,704,64,32,0,32,32,0,1,1,4294967295
very_PinkTiles,736,64,32,0,32,32,0,1,1,4294967295
very_PinkTiles,768,64,32,0,32,32,0,1,1,4294967295
very_PinkTiles,768,96,32,0,32,32,0,1,1,4294967295
very_PinkTiles,768,128,32,0,32,32,0,1,1,4294967295
very_PinkTiles,768,160,32,0,32,32,0,1,1,4294967295
very_PinkTiles,768,192,32,0,32,32,0,1,1,4294967295
very_PinkTiles,768,224,32,0,32,32,0,1,1,4294967295
very_PinkTiles,768,256,32,0,32,32,0,1,1,4294967295
very_PinkTiles,768,288,32,0,32,32,0,1,1,4294967295
very_PinkTiles,768,320,32,0,32,32,0,1,1,4294967295
very_PinkTiles,768,352,32,0,32,32,0,1,1,4294967295
very_PinkTiles,736,368,32,0,32,32,0,1,1,4294967295
very_PinkTiles,736,400,32,0,32,32,0,1,1,4294967295
very_PinkTiles,736,432,32,0,32,32,0,1,1,4294967295
very_PinkTiles,736,464,32,0,32,32,0,1,1,4294967295
very_PinkTiles,704,480,32,0,32,32,0,1,1,4294967295
very_PinkTiles,704,512,32,0,32,32,0,1,1,4294967295
very_PinkTiles,704,544,32,0,32,32,0,1,1,4294967295
very_PinkTiles,704,576,32,0,32,32,0,1,1,4294967295
very_PinkTiles,624,544,32,0,32,32,0,1,1,4294967295
very_PinkTiles,624,576,32,0,32,32,0,1,1,4294967295
very_PinkTiles,592,576,32,0,32,32,0,1,1,4294967295
very_PinkTiles,528,576,32,0,32,32,0,1,1,4294967295
very_PinkTiles,496,544,32,0,32,32,0,1,1,4294967295
very_PinkTiles,496,512,32,0,32,32,0,1,1,4294967295
very_PinkTiles,576,480,32,0,32,32,0,1,1,4294967295
very_PinkTiles,496,416,32,0,32,32,0,1,1,4294967295
very_PinkTiles,528,416,32,0,32,32,0,1,1,4294967295
very_PinkTiles,528,336,32,0,32,32,0,1,1,4294967295
very_PinkTiles,560,336,32,0,32,32,0,1,1,4294967295
very_PinkTiles,528,368,32,0,32,32,0,1,1,4294967295
very_PinkTiles,528,208,32,0,32,32,0,1,1,4294967295
very_PinkTiles,528,240,32,0,32,32,0,1,1,4294967295
very_PinkTiles,528,272,32,0,32,32,0,1,1,4294967295
very_PinkTiles,560,240,32,0,32,32,0,1,1,4294967295
very_PinkTiles,560,272,32,0,32,32,0,1,1,4294967295
very_PinkTiles,560,304,32,0,32,32,0,1,1,4294967295
very_PinkTiles,592,208,32,0,32,32,0,1,1,4294967295
very_PinkTiles,592,240,32,0,32,32,0,1,1,4294967295
very_PinkTiles,592,272,32,0,32,32,0,1,1,4294967295
very_PinkTiles,592,304,32,0,32,32,0,1,1,4294967295
very_PinkTiles,688,240,32,0,32,32,0,1,1,4294967295
very_PinkTiles,688,272,32,0,32,32,0,1,1,4294967295
very_PinkTiles,688,304,32,0,32,32,0,1,1,4294967295
very_PinkTiles,688,336,32,0,32,32,0,1,1,4294967295
very_PinkTiles,688,368,32,0,32,32,0,1,1,4294967295
very_PinkTiles,656,368,32,0,32,32,0,1,1,4294967295
very_PinkTiles,736,304,32,0,32,32,0,1,1,4294967295
very_PinkTiles,688,144,32,0,32,32,0,1,1,4294967295
very_PinkTiles,656,80,32,0,32,32,0,1,1,4294967295
very_PinkTiles,656,112,32,0,32,32,0,1,1,4294967295
very_PinkTiles,656,144,32,0,32,32,0,1,1,4294967295
very_PinkTiles,656,176,32,0,32,32,0,1,1,4294967295
very_PinkTiles,656,208,32,0,32,32,0,1,1,4294967295
very_PinkTiles,656,240,32,0,32,32,0,1,1,4294967295
very_PinkTiles,624,176,32,0,32,32,0,1,1,4294967295
very_PinkTiles,624,208,32,0,32,32,0,1,1,4294967295
very_PinkTiles,208,576,32,0,16,32,0,1,1,4294967295
very_PinkTiles,416,112,32,0,16,32,0,1,1,4294967295
very_PinkTiles,528,112,32,0,16,32,0,1,1,4294967295
very_PinkTiles,720,144,32,0,16,32,0,1,1,4294967295
very_PinkTiles,752,192,32,0,16,32,0,1,1,4294967295
very_PinkTiles,64,160,32,0,16,32,0,1,1,4294967295
very_PinkTiles,112,112,32,0,32,16,0,1,1,4294967295
very_PinkTiles,240,128,32,0,32,16,0,1,1,4294967295
very_PinkTiles,544,32,32,0,32,16,0,1,1,4294967295
very_PinkTiles,768,384,32,0,32,16,0,1,1,4294967295
very_PinkTiles,736,496,32,0,32,16,0,1,1,4294967295
very_PinkTiles,528,400,32,0,32,16,0,1,1,4294967295
very_PinkTiles,432,320,32,0,32,16,0,1,1,4294967295
very_PinkTiles,528,192,32,0,32,16,0,1,1,4294967295
very_PinkTiles,192,480,32,0,32,16,0,1,1,4294967295
very_PinkTiles,288,480,32,0,32,16,0,1,1,4294967295
very_PinkTiles,256,560,32,0,32,16,0,1,1,4294967295
very_PinkTiles,288,560,32,0,32,16,0,1,1,4294967295
very_PinkTiles,768,400,0,0,32,32,0,1,1,4294967295
very_PinkTiles,768,432,0,0,32,32,0,1,1,4294967295
very_PinkTiles,768,464,0,0,32,32,0,1,1,4294967295
very_PinkTiles,768,496,0,0,32,32,0,1,1,4294967295
very_PinkTiles,768,528,0,0,32,32,0,1,1,4294967295
very_PinkTiles,768,560,0,0,32,32,0,1,1,4294967295
very_PinkTiles,768,592,0,0,32,32,0,1,1,4294967295
very_PinkTiles,736,512,0,0,32,32,0,1,1,4294967295
very_PinkTiles,736,544,0,0,32,32,0,1,1,4294967295
very_PinkTiles,736,576,0,0,32,32,0,1,1,4294967295
very_PinkTiles,736,608,0,0,32,32,0,1,1,4294967295
very_PinkTiles,736,0,0,0,32,32,0,1,1,4294967295
very_PinkTiles,768,0,0,0,32,32,0,1,1,4294967295
very_PinkTiles,736,32,0,0,32,32,0,1,1,4294967295
very_PinkTiles,768,32,0,0,32,32,0,1,1,4294967295
very_PinkTiles,240,0,0,0,32,32,0,1,1,4294967295
very_PinkTiles,240,32,0,0,32,32,0,1,1,4294967295
very_PinkTiles,560,576,32,0,16,32,0,1,1,4294967295
