very_minikid,0,288,A5CDBD90,0,1,1,4294967295,0,0
very_LSave,0,336,251D963A,0,1,1,4294967295,0,0
very_LSave,224,448,B73E012B,0,1,1,4294967295,0,0
very_LSave,368,384,0ABED596,0,1,1,4294967295,0,0
very_LSave,528,336,6318499C,0,1,1,4294967295,0,0
very_LSave,736,368,915D76E8,0,1,1,4294967295,0,0
very_LFakeSave,128,208,9A5739A6,0,1,1,4294967295,0,0
very_LFakeSave,112,48,7B700E3E,0,1,1,4294967295,0,0
very_LFakeSave,128,576,421D3B3A,0,1,1,4294967295,0,0
very_LFakeSave,336,560,2B876507,0,1,1,4294967295,0,0
very_LFakeSave,336,256,91C5C339,0,1,1,4294967295,0,0
very_LFakeSave,416,112,343E1A20,0,1,1,4294967295,0,0
very_LFakeSave,592,576,8C5AF400,0,1,1,4294967295,0,0
very_LFakeSave,656,368,97E9D6E2,0,1,1,4294967295,0,0
very_LFakeSave,688,144,E6ABA01C,0,1,1,4294967295,0,0
very_LFakeSave,560,240,6AD65FFE,0,1,1,4294967295,0,0
SpikeUp,-48,48,A9093F4F,0,1,1,4294967295,0,0
SpikeRight,-48,80,A6EC5BBC,0,1,1,4294967295,0,0
SpikeLeft,-48,112,1D46B9F2,0,1,1,4294967295,0,0
SpikeDown,-48,144,3C6D6FBE,0,1,1,4294967295,0,0
MiniSpikeUp,-48,176,7659A4AC,0,1,1,4294967295,0,0
MiniSpikeRight,-48,192,03B5690D,0,1,1,4294967295,0,0
MiniSpikeDown,-48,208,80BD6A44,0,1,1,4294967295,0,0
MiniSpikeLeft,-48,224,906C04AC,0,1,1,4294967295,0,0
SpikeDown,16,256,221857EC,0,1,1,4294967295,0,0
SpikeUp,48,272,305269AD,0,1,1,4294967295,0,0
SpikeUp,32,304,09F455EA,0,1,1,4294967295,0,0
SpikeRight,64,240,38C50B28,0,1,1,4294967295,0,0
SpikeLeft,96,208,CC051A10,0,1,1,4294967295,0,0
SpikeUp,96,272,AA8DE0E9,0,1,1,4294967295,0,0
SpikeLeft,112,160,ACC62AB6,0,1,1,4294967295,0,0
SpikeRight,80,160,2C3E1B95,0,1,1,4294967295,0,0
SpikeRight,112,112,BDCC7F46,0,1,1,4294967295,0,0
SpikeRight,160,176,34B9C9C0,0,1,1,4294967295,0,0
SpikeRight,48,80,1245E187,0,1,1,4294967295,0,0
SpikeLeft,80,48,4C4F8011,0,1,1,4294967295,0,0
SpikeRight,80,32,02452B71,0,1,1,4294967295,0,0
SpikeUp,32,128,718D2457,0,1,1,4294967295,0,0
SpikeDown,48,128,44F2828A,0,1,1,4294967295,0,0
SpikeDown,160,48,9F2E62E0,0,1,1,4294967295,0,0
SpikeUp,192,64,51523D40,0,1,1,4294967295,0,0
SpikeUp,160,128,16D36995,0,1,1,4294967295,0,0
SpikeLeft,208,96,40EFE601,0,1,1,4294967295,0,0
SpikeLeft,192,160,E1A3FF8A,0,1,1,4294967295,0,0
SpikeUp,144,96,62BBFA46,0,1,1,4294967295,0,0
SpikeUp,160,288,81DCA83E,0,1,1,4294967295,0,0
SpikeUp,224,208,3A4E3798,0,1,1,4294967295,0,0
SpikeUp,224,352,14750129,0,1,1,4294967295,0,0
SpikeUp,160,384,B379BA24,0,1,1,4294967295,0,0
SpikeDown,128,368,D863D030,0,1,1,4294967295,0,0
SpikeDown,224,384,D68D023A,0,1,1,4294967295,0,0
SpikeLeft,208,256,C4EF22BE,0,1,1,4294967295,0,0
SpikeLeft,176,224,E3A8B0DD,0,1,1,4294967295,0,0
SpikeLeft,176,368,E71DC0E1,0,1,1,4294967295,0,0
SpikeDown,192,320,53B2C8AC,0,1,1,4294967295,0,0
SpikeLeft,112,400,B05CAD1D,0,1,1,4294967295,0,0
SpikeUp,80,384,8E99544B,0,1,1,4294967295,0,0
SpikeRight,96,352,CAB42349,0,1,1,4294967295,0,0
SpikeUp,144,256,C8F3FCB7,0,1,1,4294967295,0,0
SpikeDown,112,512,D547BB66,0,1,1,4294967295,0,0
SpikeDown,80,464,8F58AAF3,0,1,1,4294967295,0,0
SpikeUp,64,464,FF7C156A,0,1,1,4294967295,0,0
SpikeDown,32,448,F65638CD,0,1,1,4294967295,0,0
SpikeDown,48,416,AE2F70DD,0,1,1,4294967295,0,0
SpikeRight,96,560,D2C8983B,0,1,1,4294967295,0,0
SpikeUp,16,464,1F6343B3,0,1,1,4294967295,0,0
SpikeRight,128,496,6E54DEE4,0,1,1,4294967295,0,0
SpikeDown,240,416,0B4C4C9C,0,1,1,4294967295,0,0
SpikeLeft,176,-16,458218B8,0,1,1,4294967295,0,0
SpikeLeft,144,32,77708FDB,0,1,1,4294967295,0,0
SpikeUp,192,416,76E8CEA5,0,1,1,4294967295,0,0
SpikeLeft,160,544,10B06E80,0,1,1,4294967295,0,0
SpikeLeft,128,528,58CE6E33,0,1,1,4294967295,0,0
SpikeRight,208,560,592DC96C,0,1,1,4294967295,0,0
SpikeDown,240,528,7E76B024,0,1,1,4294967295,0,0
SpikeLeft,256,464,B8C57377,0,1,1,4294967295,0,0
SpikeUp,256,528,DC1C052B,0,1,1,4294967295,0,0
SpikeLeft,288,544,977BD45B,0,1,1,4294967295,0,0
SpikeRight,288,480,9C2A578C,0,1,1,4294967295,0,0
SpikeDown,336,528,106521F7,0,1,1,4294967295,0,0
SpikeDown,352,384,B2107080,0,1,1,4294967295,0,0
SpikeUp,320,400,64F9263D,0,1,1,4294967295,0,0
SpikeUp,384,352,EF1FF4B9,0,1,1,4294967295,0,0
SpikeLeft,352,432,7EA24E46,0,1,1,4294967295,0,0
SpikeRight,352,320,C9F4927F,0,1,1,4294967295,0,0
SpikeRight,320,336,162D8D84,0,1,1,4294967295,0,0
SpikeUp,288,256,DBD9A19D,0,1,1,4294967295,0,0
SpikeDown,256,240,4FF0E0C0,0,1,1,4294967295,0,0
SpikeLeft,288,192,6ECC4C1F,0,1,1,4294967295,0,0
SpikeUp,304,224,9E77CE37,0,1,1,4294967295,0,0
SpikeRight,336,176,DEFDDB38,0,1,1,4294967295,0,0
SpikeLeft,368,272,B7DF949C,0,1,1,4294967295,0,0
SpikeUp,352,224,B7A81E75,0,1,1,4294967295,0,0
SpikeLeft,368,496,4A23F0E2,0,1,1,4294967295,0,0
SpikeRight,336,480,C39309DF,0,1,1,4294967295,0,0
SpikeDown,400,448,A63FE009,0,1,1,4294967295,0,0
SpikeDown,416,480,AAA8CFBC,0,1,1,4294967295,0,0
SpikeRight,224,464,4C059583,0,1,1,4294967295,0,0
SpikeLeft,336,96,22DB5E16,0,1,1,4294967295,0,0
SpikeLeft,304,144,3E8B5115,0,1,1,4294967295,0,0
SpikeRight,272,112,CA1BDFE2,0,1,1,4294967295,0,0
SpikeDown,320,80,93531FE1,0,1,1,4294967295,0,0
SpikeRight,352,48,1A7A9786,0,1,1,4294967295,0,0
SpikeLeft,352,32,748329D9,0,1,1,4294967295,0,0
SpikeUp,368,64,6A677548,0,1,1,4294967295,0,0
SpikeLeft,304,16,38A3BD1C,0,1,1,4294967295,0,0
SpikeRight,336,-16,7A4AB3FF,0,1,1,4294967295,0,0
SpikeDown,400,32,2C4D6F0F,0,1,1,4294967295,0,0
SpikeUp,432,192,62D1DB15,0,1,1,4294967295,0,0
SpikeRight,448,160,89DF1F5D,0,1,1,4294967295,0,0
SpikeDown,400,176,E3DF1BBF,0,1,1,4294967295,0,0
SpikeLeft,464,208,EC12A4A4,0,1,1,4294967295,0,0
SpikeDown,480,176,AC3D29D6,0,1,1,4294967295,0,0
SpikeRight,304,272,CBCB6E74,0,1,1,4294967295,0,0
SpikeDown,496,240,95521C7E,0,1,1,4294967295,0,0
SpikeUp,432,416,2FAD12EA,0,1,1,4294967295,0,0
SpikeRight,432,96,5AF818EB,0,1,1,4294967295,0,0
SpikeLeft,256,368,5F51E7AE,0,1,1,4294967295,0,0
SpikeRight,240,320,47A2714E,0,1,1,4294967295,0,0
SpikeDown,416,64,2DB42A8D,0,1,1,4294967295,0,0
SpikeLeft,448,48,611E08B3,0,1,1,4294967295,0,0
SpikeRight,464,224,9ED28D87,0,1,1,4294967295,0,0
SpikeDown,464,400,4D6C7E47,0,1,1,4294967295,0,0
SpikeRight,496,400,AEB7470C,0,1,1,4294967295,0,0
SpikeRight,448,336,CDBB49B6,0,1,1,4294967295,0,0
SpikeDown,416,368,42C293DD,0,1,1,4294967295,0,0
SpikeRight,432,272,53FA48E0,0,1,1,4294967295,0,0
SpikeUp,480,512,224DD648,0,1,1,4294967295,0,0
SpikeUp,480,320,FFBAB6D5,0,1,1,4294967295,0,0
SpikeDown,448,480,2694FAF3,0,1,1,4294967295,0,0
SpikeLeft,432,544,3935D7CC,0,1,1,4294967295,0,0
SpikeLeft,496,496,6257AB48,0,1,1,4294967295,0,0
SpikeRight,544,480,C82F22B5,0,1,1,4294967295,0,0
SpikeUp,16,224,1EB26542,0,1,1,4294967295,0,0
SpikeDown,576,512,364A110B,0,1,1,4294967295,0,0
SpikeUp,608,544,99A732C8,0,1,1,4294967295,0,0
SpikeLeft,624,528,90901178,0,1,1,4294967295,0,0
SpikeLeft,608,464,FC141183,0,1,1,4294967295,0,0
SpikeRight,656,496,C483E775,0,1,1,4294967295,0,0
SpikeDown,656,400,E3F5B504,0,1,1,4294967295,0,0
SpikeRight,560,368,14309FCC,0,1,1,4294967295,0,0
SpikeDown,640,368,FC0FA90F,0,1,1,4294967295,0,0
SpikeLeft,640,320,B413C149,0,1,1,4294967295,0,0
SpikeRight,624,272,578C7F67,0,1,1,4294967295,0,0
SpikeUp,672,448,9C59A788,0,1,1,4294967295,0,0
SpikeDown,672,480,01DACA54,0,1,1,4294967295,0,0
SpikeDown,704,432,88CAFDCF,0,1,1,4294967295,0,0
SpikeUp,720,240,D2F5FDE6,0,1,1,4294967295,0,0
SpikeDown,752,224,A48468C5,0,1,1,4294967295,0,0
SpikeUp,608,384,B3B622D5,0,1,1,4294967295,0,0
SpikeLeft,576,416,451F954B,0,1,1,4294967295,0,0
SpikeLeft,736,288,4D642CCC,0,1,1,4294967295,0,0
SpikeUp,544,448,0E3E57C7,0,1,1,4294967295,0,0
SpikeDown,528,448,676BA044,0,1,1,4294967295,0,0
SpikeDown,592,336,AC764298,0,1,1,4294967295,0,0
SpikeLeft,656,256,F5F06AC4,0,1,1,4294967295,0,0
SpikeDown,384,208,E3D6E727,0,1,1,4294967295,0,0
SpikeLeft,464,288,B176A306,0,1,1,4294967295,0,0
SpikeDown,704,176,E65EF557,0,1,1,4294967295,0,0
SpikeLeft,736,80,83A6E628,0,1,1,4294967295,0,0
SpikeLeft,704,128,E9BAE68C,0,1,1,4294967295,0,0
SpikeDown,720,144,225EDD58,0,1,1,4294967295,0,0
SpikeDown,736,336,E1F76825,0,1,1,4294967295,0,0
SpikeRight,688,192,5DC422E0,0,1,1,4294967295,0,0
SpikeUp,576,208,E247D605,0,1,1,4294967295,0,0
SpikeUp,624,144,CB21E102,0,1,1,4294967295,0,0
SpikeLeft,672,32,B7FB7A67,0,1,1,4294967295,0,0
SpikeRight,656,64,0079AC9B,0,1,1,4294967295,0,0
SpikeRight,592,192,85FBB717,0,1,1,4294967295,0,0
SpikeDown,544,192,FA891BAA,0,1,1,4294967295,0,0
SpikeDown,512,112,975F733A,0,1,1,4294967295,0,0
SpikeUp,528,160,AF5BF9AB,0,1,1,4294967295,0,0
SpikeLeft,512,48,E093AB11,0,1,1,4294967295,0,0
SpikeDown,576,32,335E8B5E,0,1,1,4294967295,0,0
SpikeUp,752,160,57D62C56,0,1,1,4294967295,0,0
SpikeRight,480,16,1419151F,0,1,1,4294967295,0,0
SpikeLeft,624,32,C71AB735,0,1,1,4294967295,0,0
SpikeDown,192,496,CFE6FAA5,0,1,1,4294967295,0,0
SpikeRight,608,80,B2FE6B1D,0,1,1,4294967295,0,0
SpikeRight,624,16,CA479A0B,0,1,1,4294967295,0,0
SpikeLeft,32,16,8EFEF693,0,1,1,4294967295,0,0
SpikeUp,512,544,FD0F96CB,0,1,1,4294967295,0,0
SpikeLeft,544,560,BCA16764,0,1,1,4294967295,0,0
SpikeRight,608,416,B14A5E1F,0,1,1,4294967295,0,0
SpikeUp,448,448,762019E8,0,1,1,4294967295,0,0
Block,0,336,DC5F2E1E,0,1,1,4294967295,0,0
Block,32,336,2D9C9504,0,1,1,4294967295,0,0
Block,-48,0,3267B0F7,0,1,1,4294967295,0,0
Block,64,304,7B2FCCCE,0,1,1,4294967295,0,0
Block,128,208,8FA0553A,0,1,1,4294967295,0,0
Block,96,304,A8AC5105,0,1,1,4294967295,0,0
Block,64,336,BC857644,0,1,1,4294967295,0,0
Block,32,160,770F663A,0,1,1,4294967295,0,0
Block,128,240,F828F4CD,0,1,1,4294967295,0,0
Block,128,272,FE39DA9C,0,1,1,4294967295,0,0
Block,128,304,47B9DF8E,0,1,1,4294967295,0,0
Block,48,96,4327331C,0,1,1,4294967295,0,0
Block,112,48,74D6248C,0,1,1,4294967295,0,0
Block,112,80,DFF3B34C,0,1,1,4294967295,0,0
Block,144,48,103FF35F,0,1,1,4294967295,0,0
Block,160,160,D0E85E9A,0,1,1,4294967295,0,0
BlockMini,-48,32,D5D344A9,0,1,1,4294967295,0,0
Block,256,384,1754CA6F,0,1,1,4294967295,0,0
Block,208,240,C6126ECE,0,1,1,4294967295,0,0
Block,224,448,2ADD11E7,0,1,1,4294967295,0,0
Block,160,416,B4E2223A,0,1,1,4294967295,0,0
Block,128,336,2011415B,0,1,1,4294967295,0,0
Block,96,336,6A0DDCDE,0,1,1,4294967295,0,0
Block,256,416,1A25EF05,0,1,1,4294967295,0,0
Block,160,320,51F72027,0,1,1,4294967295,0,0
Block,256,448,3091CFF0,0,1,1,4294967295,0,0
Block,160,448,F7A8B499,0,1,1,4294967295,0,0
Block,160,480,37041628,0,1,1,4294967295,0,0
Block,128,512,0E888005,0,1,1,4294967295,0,0
Block,160,512,1600DAC8,0,1,1,4294967295,0,0
Block,64,512,9FCBBBE8,0,1,1,4294967295,0,0
Block,32,512,76ADDD61,0,1,1,4294967295,0,0
Block,128,576,6BD4AAC2,0,1,1,4294967295,0,0
Block,64,544,145012C2,0,1,1,4294967295,0,0
Block,96,576,0CAC6753,0,1,1,4294967295,0,0
Block,64,576,1F8DF155,0,1,1,4294967295,0,0
Block,0,512,48099380,0,1,1,4294967295,0,0
Block,0,464,06E006A2,0,1,1,4294967295,0,0
Block,0,432,03638097,0,1,1,4294967295,0,0
Block,0,400,A7574C6A,0,1,1,4294967295,0,0
Block,0,368,BD0BD4C1,0,1,1,4294967295,0,0
Block,208,64,EC318A2C,0,1,1,4294967295,0,0
Block,208,32,4470D095,0,1,1,4294967295,0,0
Block,208,0,76251065,0,1,1,4294967295,0,0
Block,240,96,7DD6CD1A,0,1,1,4294967295,0,0
Block,240,64,CFC9D5CB,0,1,1,4294967295,0,0
Block,192,448,EEFE5B16,0,1,1,4294967295,0,0
Block,224,576,A0E66516,0,1,1,4294967295,0,0
Block,256,576,632FFEB8,0,1,1,4294967295,0,0
Block,288,576,03D60D54,0,1,1,4294967295,0,0
Block,32,544,8BE6D8E5,0,1,1,4294967295,0,0
Block,32,576,F8C6897D,0,1,1,4294967295,0,0
Block,0,576,2B1DE147,0,1,1,4294967295,0,0
Block,0,544,FDE669E8,0,1,1,4294967295,0,0
Block,400,512,0B9645B6,0,1,1,4294967295,0,0
Block,368,384,A1F302FD,0,1,1,4294967295,0,0
Block,288,416,B011F971,0,1,1,4294967295,0,0
Block,400,384,4532546B,0,1,1,4294967295,0,0
Block,288,384,19A3E205,0,1,1,4294967295,0,0
Block,288,352,2028F2F4,0,1,1,4294967295,0,0
Block,288,320,C427C8BB,0,1,1,4294967295,0,0
Block,400,544,55E6065D,0,1,1,4294967295,0,0
Block,400,416,82D04C26,0,1,1,4294967295,0,0
Block,304,256,AF3F8DED,0,1,1,4294967295,0,0
Block,240,176,C787F26F,0,1,1,4294967295,0,0
Block,240,144,A40E9883,0,1,1,4294967295,0,0
Block,240,208,511BF9A1,0,1,1,4294967295,0,0
Block,240,240,6CC631C3,0,1,1,4294967295,0,0
Block,336,256,0D8621D3,0,1,1,4294967295,0,0
Block,368,256,685FDD7E,0,1,1,4294967295,0,0
Block,336,144,9C762BDC,0,1,1,4294967295,0,0
Block,368,160,9D9F9E4C,0,1,1,4294967295,0,0
Block,368,192,8CF90BB3,0,1,1,4294967295,0,0
Block,400,256,C8AFB951,0,1,1,4294967295,0,0
Block,400,288,C4A9AEFF,0,1,1,4294967295,0,0
Block,400,320,5AD46553,0,1,1,4294967295,0,0
Block,400,352,7820D7C3,0,1,1,4294967295,0,0
Block,368,224,0FC1A38B,0,1,1,4294967295,0,0
Block,32,368,658BEB56,0,1,1,4294967295,0,0
Block,32,400,A049A0A9,0,1,1,4294967295,0,0
BlockMini,256,560,4DC6CCE3,0,1,1,4294967295,0,0
BlockMini,272,560,188EA520,0,1,1,4294967295,0,0
BlockMini,288,560,9086CC7F,0,1,1,4294967295,0,0
BlockMini,304,560,9FE28D44,0,1,1,4294967295,0,0
BlockMini,208,592,D852DB3F,0,1,1,4294967295,0,0
BlockMini,208,576,1AB63F65,0,1,1,4294967295,0,0
BlockMini,80,496,45B953E2,0,1,1,4294967295,0,0
BlockMini,64,496,718063D3,0,1,1,4294967295,0,0
BlockMini,48,496,39C7EFEB,0,1,1,4294967295,0,0
BlockMini,32,496,1A2DB238,0,1,1,4294967295,0,0
BlockMini,240,128,32FC885B,0,1,1,4294967295,0,0
BlockMini,256,128,AFC329BC,0,1,1,4294967295,0,0
Block,288,448,A390036B,0,1,1,4294967295,0,0
Block,336,496,CE01D0D0,0,1,1,4294967295,0,0
Block,240,32,822D55FF,0,1,1,4294967295,0,0
Block,240,0,E9FAF672,0,1,1,4294967295,0,0
Block,272,0,F3B5885A,0,1,1,4294967295,0,0
Block,272,32,89E6D6BF,0,1,1,4294967295,0,0
Block,368,128,2FECF1C1,0,1,1,4294967295,0,0
Block,368,96,DA48108C,0,1,1,4294967295,0,0
Block,272,64,77A6042B,0,1,1,4294967295,0,0
Block,272,96,F6BA60AE,0,1,1,4294967295,0,0
Block,304,0,221F8A4B,0,1,1,4294967295,0,0
Block,432,112,931634FC,0,1,1,4294967295,0,0
Block,240,272,BD22DBE5,0,1,1,4294967295,0,0
Block,240,304,AEEAE246,0,1,1,4294967295,0,0
BlockMini,416,112,E579A6E4,0,1,1,4294967295,0,0
BlockMini,416,128,32B2EBAF,0,1,1,4294967295,0,0
Block,528,368,A241D03D,0,1,1,4294967295,0,0
Block,528,336,A7F62F77,0,1,1,4294967295,0,0
Block,432,576,0F0AA981,0,1,1,4294967295,0,0
BlockMini,432,320,E8515C0A,0,1,1,4294967295,0,0
Block,432,288,F25DBAF6,0,1,1,4294967295,0,0
Block,400,576,7B07B6EA,0,1,1,4294967295,0,0
Block,336,560,EE96E104,0,1,1,4294967295,0,0
Block,464,576,AA8312F5,0,1,1,4294967295,0,0
BlockMini,448,320,C5F5EC40,0,1,1,4294967295,0,0
Block,496,512,F9B7350C,0,1,1,4294967295,0,0
Block,496,544,23E17D7F,0,1,1,4294967295,0,0
Block,496,576,5B5FCA98,0,1,1,4294967295,0,0
Block,528,416,4C4D5FDD,0,1,1,4294967295,0,0
Block,496,416,75448525,0,1,1,4294967295,0,0
Block,560,336,F57D02FB,0,1,1,4294967295,0,0
Block,560,304,9FA5F7A4,0,1,1,4294967295,0,0
Block,560,272,0E7BEADC,0,1,1,4294967295,0,0
Block,528,272,69C55255,0,1,1,4294967295,0,0
Block,528,240,432FB5AD,0,1,1,4294967295,0,0
BlockMini,528,400,53ABE00A,0,1,1,4294967295,0,0
BlockMini,544,400,842C0911,0,1,1,4294967295,0,0
Block,592,576,F07E7C32,0,1,1,4294967295,0,0
Block,528,576,D6122F35,0,1,1,4294967295,0,0
Block,0,0,1DC288FA,0,1,1,4294967295,0,0
Block,32,0,54BAB95F,0,1,1,4294967295,0,0
Block,0,32,BFDD8921,0,1,1,4294967295,0,0
Block,0,64,8189D3C7,0,1,1,4294967295,0,0
Block,0,96,EDD82AA4,0,1,1,4294967295,0,0
Block,0,128,C74C9E1F,0,1,1,4294967295,0,0
Block,0,160,953143B1,0,1,1,4294967295,0,0
Block,0,192,A8987384,0,1,1,4294967295,0,0
Block,0,224,C5CFEE62,0,1,1,4294967295,0,0
BlockMini,64,176,3AEBA99F,0,1,1,4294967295,0,0
BlockMini,64,160,8DCBAB6A,0,1,1,4294967295,0,0
Block,624,544,0D6D9EF9,0,1,1,4294967295,0,0
Block,624,576,3046D535,0,1,1,4294967295,0,0
Block,576,480,0F27D9AD,0,1,1,4294967295,0,0
Block,656,368,C618C91C,0,1,1,4294967295,0,0
Block,688,368,BDDEF140,0,1,1,4294967295,0,0
Block,736,480,DE366C15,0,1,1,4294967295,0,0
Block,768,480,3071725F,0,1,1,4294967295,0,0
Block,704,512,8EFDFA27,0,1,1,4294967295,0,0
Block,704,544,C634B856,0,1,1,4294967295,0,0
Block,768,576,E38DB0AA,0,1,1,4294967295,0,0
Block,736,576,DEB9CC29,0,1,1,4294967295,0,0
Block,704,576,D33F5F9D,0,1,1,4294967295,0,0
Block,736,512,0549FFA8,0,1,1,4294967295,0,0
Block,736,544,50158A10,0,1,1,4294967295,0,0
Block,768,512,04A35E3F,0,1,1,4294967295,0,0
Block,768,544,09940DCD,0,1,1,4294967295,0,0
Block,-32,304,6CD7BE26,0,1,1,4294967295,0,0
Block,-32,272,981F2E8D,0,1,1,4294967295,0,0
Block,-32,240,81AA45DC,0,1,1,4294967295,0,0
Block,-32,336,CC727EFF,0,1,1,4294967295,0,0
Block,592,304,8E1E6E8C,0,1,1,4294967295,0,0
Block,592,272,F52240E0,0,1,1,4294967295,0,0
Block,688,304,6DCB7D91,0,1,1,4294967295,0,0
Block,688,272,912F8E15,0,1,1,4294967295,0,0
Block,704,480,6C84B104,0,1,1,4294967295,0,0
Block,736,448,B26057D1,0,1,1,4294967295,0,0
Block,736,416,A526DB0D,0,1,1,4294967295,0,0
Block,736,384,95C330DB,0,1,1,4294967295,0,0
Block,768,224,FCCAB56B,0,1,1,4294967295,0,0
Block,768,256,E04915C6,0,1,1,4294967295,0,0
Block,768,288,0889DC13,0,1,1,4294967295,0,0
Block,768,320,AA0A6E33,0,1,1,4294967295,0,0
Block,768,352,60376BEC,0,1,1,4294967295,0,0
Block,768,384,F4C62D25,0,1,1,4294967295,0,0
Block,768,416,1C7EBF99,0,1,1,4294967295,0,0
Block,768,448,42B8276E,0,1,1,4294967295,0,0
Block,736,304,F1455E43,0,1,1,4294967295,0,0
Block,688,240,1A1429B1,0,1,1,4294967295,0,0
Block,656,208,EF7AF98E,0,1,1,4294967295,0,0
Block,768,192,C63554E0,0,1,1,4294967295,0,0
Block,656,240,FFDF18EB,0,1,1,4294967295,0,0
Block,768,160,74806F4B,0,1,1,4294967295,0,0
Block,768,128,3FC8DC7B,0,1,1,4294967295,0,0
Block,768,96,E4E79B86,0,1,1,4294967295,0,0
Block,768,64,1790F234,0,1,1,4294967295,0,0
Block,768,32,A8F2E66E,0,1,1,4294967295,0,0
Block,768,0,70527998,0,1,1,4294967295,0,0
Block,656,176,48179517,0,1,1,4294967295,0,0
Block,656,144,BCC9EA35,0,1,1,4294967295,0,0
Block,688,144,A3637DD2,0,1,1,4294967295,0,0
BlockMini,720,144,3571D86A,0,1,1,4294967295,0,0
BlockMini,720,160,96A2CB0B,0,1,1,4294967295,0,0
BlockMini,48,432,7BBB9A1F,0,1,1,4294967295,0,0
BlockMini,32,432,A798983D,0,1,1,4294967295,0,0
BlockMini,16,496,44D57038,0,1,1,4294967295,0,0
BlockMini,0,496,B5E0C3C8,0,1,1,4294967295,0,0
Block,528,208,CD5EA49E,0,1,1,4294967295,0,0
Block,736,64,5743F8E1,0,1,1,4294967295,0,0
Block,704,64,63878293,0,1,1,4294967295,0,0
Block,704,32,FCE5FBFA,0,1,1,4294967295,0,0
Block,704,0,B87C0C9C,0,1,1,4294967295,0,0
Block,736,0,A3BB855A,0,1,1,4294967295,0,0
Block,736,32,C894458E,0,1,1,4294967295,0,0
Block,544,80,B4421129,0,1,1,4294967295,0,0
Block,544,48,3227A999,0,1,1,4294967295,0,0
Block,544,0,32CA3518,0,1,1,4294967295,0,0
Block,688,336,948FE074,0,1,1,4294967295,0,0
BlockMini,736,368,6E1E2898,0,1,1,4294967295,0,0
BlockMini,752,368,65FA97B0,0,1,1,4294967295,0,0
Block,656,112,DED2C656,0,1,1,4294967295,0,0
Block,656,80,E1B9F7BC,0,1,1,4294967295,0,0
BlockMini,544,32,31569965,0,1,1,4294967295,0,0
BlockMini,560,32,ECD428B2,0,1,1,4294967295,0,0
Block,592,240,60576AFD,0,1,1,4294967295,0,0
Block,592,208,0FDF7DFF,0,1,1,4294967295,0,0
Block,624,208,F0A0205F,0,1,1,4294967295,0,0
Block,560,240,657A187B,0,1,1,4294967295,0,0
Block,544,112,BF486607,0,1,1,4294967295,0,0
Block,576,112,A4D387A4,0,1,1,4294967295,0,0
BlockMini,528,192,241171FA,0,1,1,4294967295,0,0
BlockMini,544,192,E6D5530B,0,1,1,4294967295,0,0
Block,416,0,04A24034,0,1,1,4294967295,0,0
Block,416,32,17872CB2,0,1,1,4294967295,0,0
Block,448,32,145ABACC,0,1,1,4294967295,0,0
Block,448,0,80FF3A4F,0,1,1,4294967295,0,0
BlockMini,752,192,B2F1D487,0,1,1,4294967295,0,0
BlockMini,752,208,39E47954,0,1,1,4294967295,0,0
Block,576,0,479FF32C,0,1,1,4294967295,0,0
Block,480,0,2A003B62,0,1,1,4294967295,0,0
BlockMini,304,480,142A04F0,0,1,1,4294967295,0,0
BlockMini,288,480,D6193DB6,0,1,1,4294967295,0,0
Block,320,432,49AD6A3B,0,1,1,4294967295,0,0
BlockMini,192,480,A0876480,0,1,1,4294967295,0,0
BlockMini,208,480,89A780AE,0,1,1,4294967295,0,0
BlockMini,64,368,2AE6758E,0,1,1,4294967295,0,0
BlockMini,80,368,7E85D83A,0,1,1,4294967295,0,0
BlockMini,528,112,821C0F47,0,1,1,4294967295,0,0
BlockMini,528,128,7608AE84,0,1,1,4294967295,0,0
BlockMini,128,112,FAB7A636,0,1,1,4294967295,0,0
BlockMini,112,112,5623C95E,0,1,1,4294967295,0,0
Block,624,176,0ECB2627,0,1,1,4294967295,0,0
BlockMini,560,576,3AF5C587,0,1,1,4294967295,0,0
BlockMini,560,592,5F147DC1,0,1,1,4294967295,0,0
very_MoleYo,708,452,CD48A2FD,0,1,1,4294967295,0,1
very_shaderReset,16,288,FF233B96,0,1,1,4294967295,0,0
Camera,0,272,D859F945,0,1,1,4294967295,0,1
PlayerStart,0,308,29A4CEAA,0,1,1,4294967295,0,0
Warp,512,0,B511F2FA,0,1,1,4294967295,0,1
MusicPlayer,0,256,E9CDA19E,0,1,1,4294967295,0,1
Trigger,656,336,39773392,0,1,1,4294967295,0,0
BossItem,512,80,940D8DE5,0,1,1,4294967295,0,1
