stb_TileUhuhu,512,0,0,0,32,32,0,1,1,4294967295
stb_TileUhuhu,512,64,0,0,32,32,0,1,1,4294967295
stb_TileUhuhu,576,64,0,0,32,32,0,1,1,4294967295
stb_TileUhuhu,576,0,0,0,32,32,0,1,1,4294967295
stb_TileUhuhu,768,0,0,0,32,32,0,1,1,4294967295
stb_TileUhuhu,672,128,0,0,32,32,0,1,1,4294967295
stb_TileUhuhu,672,192,0,0,32,32,0,1,1,4294967295
stb_TileUhuhu,768,192,0,0,32,32,0,1,1,4294967295
stb_TileUhuhu,768,496,0,0,32,32,0,1,1,4294967295
stb_TileUhuhu,704,496,0,0,32,32,0,1,1,4294967295
stb_TileUhuhu,704,576,0,0,32,32,0,1,1,4294967295
stb_TileUhuhu,768,576,0,0,32,32,0,1,1,4294967295
stb_TileUhuhu,560,544,0,0,32,32,0,1,1,4294967295
stb_TileUhuhu,624,544,0,0,32,32,0,1,1,4294967295
stb_TileUhuhu,624,576,0,0,32,32,0,1,1,4294967295
stb_TileUhuhu,464,544,0,0,32,32,0,1,1,4294967295
stb_TileUhuhu,0,576,0,0,32,32,0,1,1,4294967295
stb_TileUhuhu,0,0,0,0,32,32,0,1,1,4294967295
stb_TileUhuhu,32,0,32,0,32,32,0,1,1,4294967295
stb_TileUhuhu,64,0,32,0,32,32,0,1,1,4294967295
stb_TileUhuhu,96,0,32,0,32,32,0,1,1,4294967295
stb_TileUhuhu,128,0,32,0,32,32,0,1,1,4294967295
stb_TileUhuhu,160,0,32,0,32,32,0,1,1,4294967295
stb_TileUhuhu,192,0,32,0,32,32,0,1,1,4294967295
stb_TileUhuhu,256,0,32,0,32,32,0,0.5,1,4294967295
stb_TileUhuhu,304,0,32,0,32,32,0,0.5,1,4294967295
stb_TileUhuhu,320,0,32,0,32,32,0,1,1,4294967295
stb_TileUhuhu,352,0,32,0,32,32,0,1,1,4294967295
stb_TileUhuhu,384,0,32,0,32,32,0,1,1,4294967295
stb_TileUhuhu,416,0,32,0,32,32,0,1,1,4294967295
stb_TileUhuhu,448,0,32,0,32,32,0,1,1,4294967295
stb_TileUhuhu,480,0,32,0,32,32,0,1,1,4294967295
stb_TileUhuhu,224,0,32,0,32,32,0,1,1,4294967295
stb_TileUhuhu,544,0,32,0,32,32,0,1,1,4294967295
stb_TileUhuhu,608,0,32,0,32,32,0,1,1,4294967295
stb_TileUhuhu,640,0,32,0,32,32,0,1,1,4294967295
stb_TileUhuhu,672,0,32,0,32,32,0,1,1,4294967295
stb_TileUhuhu,704,0,32,0,32,32,0,1,1,4294967295
stb_TileUhuhu,736,0,32,0,32,32,0,1,1,4294967295
stb_TileUhuhu,32,576,32,0,32,32,0,1,1,4294967295
stb_TileUhuhu,64,576,32,0,32,32,0,1,1,4294967295
stb_TileUhuhu,96,576,32,0,32,32,0,1,1,4294967295
stb_TileUhuhu,128,576,32,0,32,32,0,1,1,4294967295
stb_TileUhuhu,192,576,32,0,32,32,0,1,1,4294967295
stb_TileUhuhu,224,576,32,0,32,32,0,1,1,4294967295
stb_TileUhuhu,384,576,32,0,32,32,0,1,1,4294967295
stb_TileUhuhu,416,576,32,0,32,32,0,1,1,4294967295
stb_TileUhuhu,448,576,32,0,32,32,0,1,1,4294967295
stb_TileUhuhu,480,576,32,0,32,32,0,1,1,4294967295
stb_TileUhuhu,512,576,32,0,32,32,0,1,1,4294967295
stb_TileUhuhu,544,576,32,0,32,32,0,1,1,4294967295
stb_TileUhuhu,576,576,32,0,32,32,0,1.5,1,4294967295
stb_TileUhuhu,160,576,32,0,32,32,0,1,1,4294967295
stb_TileUhuhu,592,544,32,0,32,32,0,1,1,4294967295
stb_TileUhuhu,736,496,32,0,32,32,0,1,1,4294967295
stb_TileUhuhu,736,576,32,0,32,32,0,1,1,4294967295
stb_TileUhuhu,544,416,32,0,32,32,0,1,1,4294967295
stb_TileUhuhu,432,352,32,0,32,32,0,1,1,4294967295
stb_TileUhuhu,432,288,32,0,32,32,0,1,1,4294967295
stb_TileUhuhu,432,192,32,0,32,32,0,1,1,4294967295
stb_TileUhuhu,304,128,32,0,32,32,0,1,1,4294967295
stb_TileUhuhu,368,64,32,0,32,32,0,1,1,4294967295
stb_TileUhuhu,272,128,0,0,32,32,0,1,1,4294967295
stb_TileUhuhu,272,0,0,0,32,32,0,1,1,4294967295
stb_TileUhuhu,400,32,0,0,32,32,0,1,1,4294967295
stb_TileUhuhu,400,64,0,0,32,32,0,1,1,4294967295
stb_TileUhuhu,336,64,0,0,32,32,0,1,1,4294967295
stb_TileUhuhu,336,128,0,0,32,32,0,1,1,4294967295
stb_TileUhuhu,272,32,0,32,32,32,0,1,1,4294967295
stb_TileUhuhu,272,64,0,32,32,32,0,1,1,4294967295
stb_TileUhuhu,272,96,0,32,32,32,0,1,1,4294967295
stb_TileUhuhu,336,96,0,32,32,32,0,1,1,4294967295
stb_TileUhuhu,512,32,0,32,32,32,0,1,1,4294967295
stb_TileUhuhu,576,32,0,32,32,32,0,1,1,4294967295
stb_TileUhuhu,464,160,0,32,32,32,0,1,1,4294967295
stb_TileUhuhu,608,224,0,32,32,32,0,1,1,4294967295
stb_TileUhuhu,608,256,0,32,32,32,0,1,1,4294967295
stb_TileUhuhu,672,160,0,32,32,32,0,1,1,4294967295
stb_TileUhuhu,576,384,0,32,32,32,0,1,1,4294967295
stb_TileUhuhu,400,320,0,32,32,32,0,1,1,4294967295
stb_TileUhuhu,464,320,0,32,32,32,0,1,1,4294967295
stb_TileUhuhu,704,528,0,32,32,32,0,1,1.5,4294967295
stb_TileUhuhu,768,528,0,32,32,32,0,1,1.5,4294967295
stb_TileUhuhu,672,400,0,0,32,32,0,1,1,4294967295
stb_TileUhuhu,672,432,0,0,32,32,0,1,1,4294967295
stb_TileUhuhu,640,432,0,0,32,32,0,1,1,4294967295
stb_TileUhuhu,640,464,0,0,32,32,0,1,1,4294967295
stb_TileUhuhu,720,432,0,0,32,32,0,1,1,4294967295
stb_TileUhuhu,576,352,0,0,32,32,0,1,1,4294967295
stb_TileUhuhu,576,416,0,0,32,32,0,1,1,4294967295
stb_TileUhuhu,512,416,0,0,32,32,0,1,1,4294967295
stb_TileUhuhu,400,288,0,0,32,32,0,1,1,4294967295
stb_TileUhuhu,400,352,0,0,32,32,0,1,1,4294967295
stb_TileUhuhu,464,352,0,0,32,32,0,1,1,4294967295
stb_TileUhuhu,464,288,0,0,32,32,0,1,1,4294967295
stb_TileUhuhu,560,256,0,0,32,32,0,1,1,4294967295
stb_TileUhuhu,608,288,0,0,32,32,0,1,1,4294967295
stb_TileUhuhu,608,192,0,0,32,32,0,1,1,4294967295
stb_TileUhuhu,464,128,0,0,32,32,0,1,1,4294967295
stb_TileUhuhu,464,192,0,0,32,32,0,1,1,4294967295
stb_TileUhuhu,400,192,0,0,32,32,0,1,1,4294967295
stb_TileUhuhu,544,160,0,0,32,32,0,1,1,4294967295
stb_TileUhuhu,704,192,32,0,32,32,0,1,1,4294967295
stb_TileUhuhu,736,192,32,0,32,32,0,1,1,4294967295
stb_TileUhuhu,544,64,32,0,32,32,0,1,1,4294967295
stb_TileUhuhu,768,224,0,32,32,32,0,1,1,4294967295
stb_TileUhuhu,768,256,0,32,32,32,0,1,1,4294967295
stb_TileUhuhu,768,288,0,32,32,32,0,1,1,4294967295
stb_TileUhuhu,768,320,0,32,32,32,0,1,1,4294967295
stb_TileUhuhu,768,352,0,32,32,32,0,1,1,4294967295
stb_TileUhuhu,768,384,0,32,32,32,0,1,1,4294967295
stb_TileUhuhu,768,416,0,32,32,32,0,1,1,4294967295
stb_TileUhuhu,768,448,0,32,32,32,0,1,1.5,4294967295
stb_TileUhuhu,768,32,0,32,32,32,0,1,1,4294967295
stb_TileUhuhu,768,64,0,32,32,32,0,1,1,4294967295
stb_TileUhuhu,768,96,0,32,32,32,0,1,1,4294967295
stb_TileUhuhu,768,128,0,32,32,32,0,1,1,4294967295
stb_TileUhuhu,768,160,0,32,32,32,0,1,1,4294967295
stb_TileUhuhu,304,32,32,32,32,32,0,1,1,4294967295
stb_TileUhuhu,304,64,32,32,32,32,0,1,1,4294967295
stb_TileUhuhu,304,96,32,32,32,32,0,1,1,4294967295
stb_TileUhuhu,336,32,32,32,32,32,0,1,1,4294967295
stb_TileUhuhu,368,32,32,32,32,32,0,1,1,4294967295
stb_TileUhuhu,544,32,32,32,32,32,0,1,1,4294967295
stb_TileUhuhu,432,320,32,32,32,32,0,1,1,4294967295
stb_TileUhuhu,736,528,32,32,32,32,0,1,1.5,4294967295
stb_TileUhuhu,400,480,0,0,32,32,0,1,1,4294967295
stb_TileUhuhu,400,544,0,0,32,32,0,1,1,4294967295
stb_TileUhuhu,432,544,32,0,32,32,0,1,1,4294967295
stb_TileUhuhu,400,512,0,32,32,32,0,1,1,4294967295
stb_TileUhuhu,304,416,0,32,32,32,0,1,1,4294967295
stb_TileUhuhu,304,384,0,0,32,32,0,1,1,4294967295
stb_TileUhuhu,304,448,0,0,32,32,0,1,1,4294967295
stb_TileUhuhu,368,544,0,0,32,32,0,1,1,4294967295
stb_TileUhuhu,272,384,0,0,32,32,0,1,1,4294967295
stb_TileUhuhu,208,512,0,0,32,32,0,1,1,4294967295
stb_TileUhuhu,208,544,0,0,32,32,0,1,1,4294967295
stb_TileUhuhu,240,544,0,0,32,32,0,1,1,4294967295
stb_TileUhuhu,272,288,0,0,32,32,0,1,1,4294967295
stb_TileUhuhu,304,320,0,0,32,32,0,1,1,4294967295
stb_TileUhuhu,304,224,0,0,32,32,0,1,1,4294967295
stb_TileUhuhu,304,256,0,32,32,32,0,1,1,4294967295
stb_TileUhuhu,304,288,0,32,32,32,0,1,1,4294967295
stb_TileUhuhu,96,256,0,0,32,32,0,1,1,4294967295
stb_TileUhuhu,96,320,0,0,32,32,0,1,1,4294967295
stb_TileUhuhu,160,320,0,0,32,32,0,1,1,4294967295
stb_TileUhuhu,160,256,0,0,32,32,0,1,1,4294967295
stb_TileUhuhu,128,256,32,0,32,32,0,1,1,4294967295
stb_TileUhuhu,128,320,32,0,32,32,0,1,1,4294967295
stb_TileUhuhu,96,288,0,32,32,32,0,1,1,4294967295
stb_TileUhuhu,160,288,0,32,32,32,0,1,1,4294967295
stb_TileUhuhu,112,416,0,0,32,32,0,1,1,4294967295
stb_TileUhuhu,112,512,0,0,32,32,0,1,1,4294967295
stb_TileUhuhu,64,512,0,0,32,32,0,1,1,4294967295
stb_TileUhuhu,96,512,32,0,32,32,0,0.03125,1,4294967295
stb_TileUhuhu,112,448,0,32,32,32,0,1,1,4294967295
stb_TileUhuhu,112,480,0,32,32,32,0,1,1,4294967295
stb_TileUhuhu,32,416,0,0,32,32,0,1,1,4294967295
stb_TileUhuhu,64,320,0,0,32,32,0,1,1,4294967295
stb_TileUhuhu,128,288,32,32,32,32,0,1,1,4294967295
stb_TileUhuhu,160,224,0,0,32,32,0,1,1,4294967295
stb_TileUhuhu,224,144,0,0,32,32,0,1,1,4294967295
stb_TileUhuhu,96,128,0,0,32,32,0,1,1,4294967295
stb_TileUhuhu,160,128,0,0,32,32,0,1,1,4294967295
stb_TileUhuhu,160,64,0,0,32,32,0,1,1,4294967295
stb_TileUhuhu,96,64,0,0,32,32,0,1,1,4294967295
stb_TileUhuhu,128,64,32,0,32,32,0,1,1,4294967295
stb_TileUhuhu,128,128,32,0,32,32,0,1,1,4294967295
stb_TileUhuhu,96,96,0,32,32,32,0,1,1,4294967295
stb_TileUhuhu,160,96,0,32,32,32,0,1,1,4294967295
stb_TileUhuhu,128,96,32,32,32,32,0,1,1,4294967295
stb_TileUhuhu,0,32,0,32,32,32,0,1,1,4294967295
stb_TileUhuhu,0,64,0,32,32,32,0,1,1,4294967295
stb_TileUhuhu,0,96,0,32,32,32,0,1,1,4294967295
stb_TileUhuhu,0,128,0,32,32,32,0,1,1,4294967295
stb_TileUhuhu,0,160,0,32,32,32,0,1,1,4294967295
stb_TileUhuhu,0,192,0,32,32,32,0,1,1,4294967295
stb_TileUhuhu,0,224,0,32,32,32,0,1,1,4294967295
stb_TileUhuhu,0,256,0,32,32,32,0,1,1,4294967295
stb_TileUhuhu,0,288,0,32,32,32,0,1,1,4294967295
stb_TileUhuhu,0,320,0,32,32,32,0,1,1,4294967295
stb_TileUhuhu,0,352,0,32,32,32,0,1,1,4294967295
stb_TileUhuhu,0,384,0,32,32,32,0,1,1,4294967295
stb_TileUhuhu,0,416,0,32,32,32,0,1,1,4294967295
stb_TileUhuhu,0,448,0,32,32,32,0,1,1,4294967295
stb_TileUhuhu,0,480,0,32,32,32,0,1,1,4294967295
stb_TileUhuhu,0,512,0,32,32,32,0,1,1,4294967295
stb_TileUhuhu,0,544,0,32,32,32,0,1,1,4294967295
stb_TileUhuhu,96,512,32,0,32,32,0,0.5,1,4294967295
stb_TileUhuhu,272,576,0,0,32,32,0,1,1,4294967295
stb_TileUhuhu,336,576,0,0,32,32,0,1,1,4294967295
stb_TileUhuhu,256,576,32,0,32,32,0,0.5,1,4294967295
stb_TileUhuhu,368,576,32,0,32,32,0,0.5,1,4294967295
