stb_UhuhuEffect,32,32,F9F8DFDB,0,1,1,4294967295,0,0
SpikeUp,672,96,86397D93,0,1,1,4294967295,0,0
SpikeUp,608,160,F7EAC844,0,1,1,4294967295,0,0
SpikeRight,608,32,48BF3A09,0,1,1,4294967295,0,0
SpikeUp,560,224,05625F86,0,1,1,4294967295,0,0
SpikeRight,640,288,E33524C9,0,1,1,4294967295,0,0
SpikeLeft,672,288,D490BBBF,0,1,1,4294967295,0,0
SpikeRight,496,320,6E3B4175,0,1,1,4294967295,0,0
SpikeLeft,528,256,CE148113,0,1,1,4294967295,0,0
SpikeUp,400,256,5C476696,0,1,1,4294967295,0,0
SpikeUp,432,256,A85376C3,0,1,1,4294967295,0,0
SpikeUp,464,96,C15E7B1C,0,1,1,4294967295,0,0
SpikeUp,432,160,452ECE2F,0,1,1,4294967295,0,0
SpikeUp,400,160,ED3D6C4D,0,1,1,4294967295,0,0
SpikeLeft,512,160,C0748F26,0,1,1,4294967295,0,0
SpikeUp,512,384,C0915F2C,0,1,1,4294967295,0,0
SpikeUp,544,384,C9C523F7,0,1,1,4294967295,0,0
SpikeLeft,480,416,84AD93B8,0,1,1,4294967295,0,0
SpikeDown,400,96,299F9E1C,0,1,1,4294967295,0,0
SpikeDown,608,320,42BDA5BC,0,1,1,4294967295,0,0
SpikeUp,672,368,9C2B1B1C,0,1,1,4294967295,0,0
SpikeUp,640,400,A823F868,0,1,1,4294967295,0,0
SpikeUp,720,400,9DA39DAD,0,1,1,4294967295,0,0
SpikeDown,704,320,3B42BBC0,0,1,1,4294967295,0,0
SpikeUp,592,512,6F9E1F74,0,1,1,4294967295,0,0
MiniSpikeUp,656,592,AD84AE7B,0,1,1,4294967295,0,0
SpikeUp,672,576,F5CB4D05,0,1,1,4294967295,0,0
SpikeDown,640,496,10D8B601,0,1,1,4294967295,0,0
SpikeUp,560,512,D53955E1,0,1,1,4294967295,0,0
SpikeUp,528,544,5BBC7ED2,0,1,1,4294967295,0,0
SpikeUp,496,544,01283465,0,1,1,4294967295,0,0
SpikeDown,464,384,1E4A8AEA,0,1,1,4294967295,0,0
SpikeUp,464,512,B25EE3E0,0,1,1,4294967295,0,0
SpikeDown,736,224,69B4EA7F,0,1,1,4294967295,0,0
SpikeUp,400,448,9A0BEAA2,0,1,1,4294967295,0,0
SpikeLeft,368,480,D63BFCC6,0,1,1,4294967295,0,0
SpikeUp,336,544,F4FD3A6C,0,1,1,4294967295,0,0
SpikeRight,336,416,F54FAEE0,0,1,1,4294967295,0,0
SpikeLeft,272,432,8510D748,0,1,1,4294967295,0,0
SpikeUp,272,544,C71C4B20,0,1,1,4294967295,0,0
SpikeUp,240,512,AEBDB972,0,1,1,4294967295,0,0
SpikeUp,208,480,DBC7CFC2,0,1,1,4294967295,0,0
SpikeDown,224,384,2F5BDE1A,0,1,1,4294967295,0,0
SpikeUp,224,352,322A9186,0,1,1,4294967295,0,0
SpikeLeft,240,288,6F09ED2B,0,1,1,4294967295,0,0
SpikeUp,272,256,102483E1,0,1,1,4294967295,0,0
SpikeUp,304,192,44196345,0,1,1,4294967295,0,0
SpikeLeft,368,288,27261AFB,0,1,1,4294967295,0,0
SpikeRight,336,320,A3ACECAD,0,1,1,4294967295,0,0
SpikeUp,176,544,852A9936,0,1,1,4294967295,0,0
SpikeUp,112,384,8D247705,0,1,1,4294967295,0,0
SpikeUp,144,544,723F81EC,0,1,1,4294967295,0,0
SpikeUp,64,480,6C6BD95A,0,1,1,4294967295,0,0
SpikeUp,32,544,57072CBC,0,1,1,4294967295,0,0
SpikeRight,32,272,0CE4892A,0,1,1,4294967295,0,0
SpikeDown,192,432,7F4F458C,0,1,1,4294967295,0,0
SpikeUp,192,400,09E35D2E,0,1,1,4294967295,0,0
SpikeUp,96,224,EDCFE9F8,0,1,1,4294967295,0,0
SpikeUp,160,192,B28FCBC4,0,1,1,4294967295,0,0
SpikeDown,112,160,01717EF2,0,1,1,4294967295,0,0
SpikeDown,64,352,63D166D5,0,1,1,4294967295,0,0
SpikeUp,304,576,B165A058,0,1,1,4294967295,0,0
Block,0,0,2A80E609,0,1,1,4294967295,0,0
Block,32,0,7AD13A8B,0,1,1,4294967295,0,0
Block,64,0,67F5870C,0,1,1,4294967295,0,0
Block,96,0,42822C73,0,1,1,4294967295,0,0
Block,128,0,82B05DF2,0,1,1,4294967295,0,0
Block,160,0,AEF5DB65,0,1,1,4294967295,0,0
Block,192,0,D542F10A,0,1,1,4294967295,0,0
Block,224,0,5E9F684C,0,1,1,4294967295,0,0
Block,256,0,C99E2885,0,1,1,4294967295,0,0
Block,288,0,9FD0AC03,0,1,1,4294967295,0,0
Block,320,0,F7F7E8B2,0,1,1,4294967295,0,0
Block,352,0,13FC7A61,0,1,1,4294967295,0,0
Block,384,0,1E261ABD,0,1,1,4294967295,0,0
Block,416,0,A2F56135,0,1,1,4294967295,0,0
Block,448,0,02EDDBA3,0,1,1,4294967295,0,0
Block,480,0,AB85D002,0,1,1,4294967295,0,0
Block,512,0,53682245,0,1,1,4294967295,0,0
Block,544,0,4A2DA736,0,1,1,4294967295,0,0
Block,576,0,EED1E53A,0,1,1,4294967295,0,0
Block,608,0,39CBACC7,0,1,1,4294967295,0,0
Block,640,0,0F64C3B3,0,1,1,4294967295,0,0
Block,672,0,03FBD051,0,1,1,4294967295,0,0
Block,704,0,357F53A0,0,1,1,4294967295,0,0
Block,736,0,5BBC2B4D,0,1,1,4294967295,0,0
Block,768,0,583ACC5C,0,1,1,4294967295,0,0
Block,768,32,A76D674B,0,1,1,4294967295,0,0
Block,768,64,26B500BB,0,1,1,4294967295,0,0
Block,768,96,7BDB5E93,0,1,1,4294967295,0,0
Block,768,128,EBDF6B22,0,1,1,4294967295,0,0
Block,768,160,F8F88FEA,0,1,1,4294967295,0,0
Block,768,192,82430731,0,1,1,4294967295,0,0
Block,768,224,5F082F21,0,1,1,4294967295,0,0
Block,768,256,48652EF3,0,1,1,4294967295,0,0
Block,768,288,169C5F7C,0,1,1,4294967295,0,0
Block,768,320,EE19E183,0,1,1,4294967295,0,0
Block,768,352,C8FC7E62,0,1,1,4294967295,0,0
Block,768,384,6FF2245B,0,1,1,4294967295,0,0
Block,768,416,1AD1E964,0,1,1,4294967295,0,0
Block,768,448,41F998EF,0,1,1,4294967295,0,0
Block,768,480,B0A50238,0,1,1,4294967295,0,0
Block,768,512,089CC9A4,0,1,1,4294967295,0,0
Block,768,544,4AC91368,0,1,1,4294967295,0,0
Block,768,576,88B68441,0,1,1,4294967295,0,0
Block,736,576,4F816CB8,0,1,1,4294967295,0,0
Block,704,576,8A8BA905,0,1,1,4294967295,0,0
Block,608,576,C7D1123F,0,1.5,1,4294967295,0,0
Block,576,576,C1C81F50,0,1,1,4294967295,0,0
Block,544,576,2C879CF0,0,1,1,4294967295,0,0
Block,512,576,C99909CB,0,1,1,4294967295,0,0
Block,480,576,8502707D,0,1,1,4294967295,0,0
Block,448,576,7E8E9528,0,1,1,4294967295,0,0
Block,416,576,11FE3D3D,0,1,1,4294967295,0,0
Block,384,576,8B7C4EBD,0,1,1,4294967295,0,0
Block,336,576,134CED47,0,1.5,1,4294967295,0,0
Block,256,576,8DD5F229,0,1.5,1,4294967295,0,0
Block,224,576,342C84CA,0,1,1,4294967295,0,0
Block,192,576,D350F9E3,0,1,1,4294967295,0,0
Block,160,576,3E8073AA,0,1,1,4294967295,0,0
Block,128,576,DBBC490F,0,1,1,4294967295,0,0
Block,96,576,98DD5886,0,1,1,4294967295,0,0
Block,64,576,EBC7F7DB,0,1,1,4294967295,0,0
Block,32,576,8C74B542,0,1,1,4294967295,0,0
Block,0,576,020EE8D9,0,1,1,4294967295,0,0
Block,0,544,39FF6510,0,1,1,4294967295,0,0
Block,0,512,457C1998,0,1,1,4294967295,0,0
Block,0,480,17DA176F,0,1,1,4294967295,0,0
Block,0,448,45B4F1E0,0,1,1,4294967295,0,0
Block,0,416,4CAE8C84,0,1,1,4294967295,0,0
Block,0,384,B1BEF48D,0,1,1,4294967295,0,0
Block,0,352,3DDD7BE4,0,1,1,4294967295,0,0
Block,0,320,9ACDE65A,0,1,1,4294967295,0,0
Block,0,288,E3AE7602,0,1,1,4294967295,0,0
Block,0,256,C2A06EFB,0,1,1,4294967295,0,0
Block,0,224,7A24D907,0,1,1,4294967295,0,0
Block,0,192,127C2C5C,0,1,1,4294967295,0,0
Block,0,160,D0CBCF18,0,1,1,4294967295,0,0
Block,0,128,90D549C8,0,1,1,4294967295,0,0
Block,0,96,C984B886,0,1,1,4294967295,0,0
Block,0,64,2F4ADB97,0,1,1,4294967295,0,0
Block,0,32,00F51279,0,1,1,4294967295,0,0
Block,672,128,0A31491F,0,1,1,4294967295,0,0
Block,672,160,48AF8839,0,1,1,4294967295,0,0
Block,672,192,219042F4,0,1,1,4294967295,0,0
Block,704,192,4074EDC7,0,1,1,4294967295,0,0
Block,736,192,36AE0ED9,0,1,1,4294967295,0,0
Block,608,192,75A3672C,0,1,1,4294967295,0,0
Block,576,32,BAF82772,0,1,1,4294967295,0,0
Block,576,64,900770D7,0,1,1,4294967295,0,0
Block,544,64,42202948,0,1,1,4294967295,0,0
Block,512,64,5B8FCC5B,0,1,1,4294967295,0,0
Block,512,32,1E5F1AA3,0,1,1,4294967295,0,0
Block,608,224,CFA0F273,0,1,1,4294967295,0,0
Block,608,256,3644776D,0,1,1,4294967295,0,0
Block,544,160,E1757D4C,0,1,1,4294967295,0,0
Block,560,256,C2D3F28F,0,1,1,4294967295,0,0
Block,576,352,E49086EA,0,1,1,4294967295,0,0
Block,608,288,1FA10F6A,0,1,1,4294967295,0,0
Block,464,288,C994CD6E,0,1,1,4294967295,0,0
Block,464,320,C2F57525,0,1,1,4294967295,0,0
Block,432,288,9EF0B653,0,1,1,4294967295,0,0
Block,400,288,A4762C16,0,1,1,4294967295,0,0
Block,400,320,ECF6A87E,0,1,1,4294967295,0,0
Block,400,352,1A31B295,0,1,1,4294967295,0,0
Block,432,352,B426D448,0,1,1,4294967295,0,0
Block,464,352,4F0B71FC,0,1,1,4294967295,0,0
Block,464,160,451599EE,0,1,1,4294967295,0,0
Block,464,192,0E7FA5B4,0,1,1,4294967295,0,0
Block,432,192,9613253F,0,1,1,4294967295,0,0
Block,400,192,687A1BA9,0,1,1,4294967295,0,0
Block,464,128,B9FF40C4,0,1,1,4294967295,0,0
Block,576,384,BC3ED91C,0,1,1,4294967295,0,0
Block,576,416,16A77AB7,0,1,1,4294967295,0,0
Block,544,416,60BAF241,0,1,1,4294967295,0,0
Block,512,416,D1BBE6F5,0,1,1,4294967295,0,0
Block,400,32,9C20BD29,0,1,1,4294967295,0,0
Block,400,64,AA8B88BB,0,1,1,4294967295,0,0
Block,368,64,402D4641,0,1,1,4294967295,0,0
Block,336,64,3700E9FD,0,1,1,4294967295,0,0
Block,336,96,604B2A57,0,1,1,4294967295,0,0
Block,336,128,0738FD73,0,1,1,4294967295,0,0
Block,304,128,F3B2A5FA,0,1,1,4294967295,0,0
Block,272,128,B6906688,0,1,1,4294967295,0,0
Block,272,96,7943429F,0,1,1,4294967295,0,0
Block,272,64,AED57144,0,1,1,4294967295,0,0
Block,272,32,5E54DE58,0,1,1,4294967295,0,0
Block,672,400,CF29F559,0,1,1,4294967295,0,0
Block,672,432,F7E5A464,0,1,1,4294967295,0,0
Block,640,432,E984433A,0,1,1,4294967295,0,0
Block,720,432,DEB71496,0,1,1,4294967295,0,0
Block,736,496,EFC8F414,0,1,1,4294967295,0,0
Block,704,496,EEF9855E,0,1,1,4294967295,0,0
Block,704,528,5B4FF77F,0,1,1.5,4294967295,0,0
Block,624,544,4F1D9F78,0,1,1,4294967295,0,0
Block,640,464,1BB0E59B,0,1,1,4294967295,0,0
Block,592,544,D6DF5F4A,0,1,1,4294967295,0,0
Block,560,544,53AFB900,0,1,1,4294967295,0,0
Block,464,544,0CFB80BA,0,1,1,4294967295,0,0
Block,432,544,500B3BC2,0,1,1,4294967295,0,0
Block,400,480,803B0C8E,0,1,1,4294967295,0,0
Block,400,512,7DE08982,0,1,1,4294967295,0,0
Block,400,544,BBA89B6A,0,1,1,4294967295,0,0
Block,304,384,B5A9F05C,0,1,1,4294967295,0,0
Block,304,416,B2011AE2,0,1,1,4294967295,0,0
Block,304,448,260D5DA1,0,1,1,4294967295,0,0
Block,272,384,FC018F03,0,1,1,4294967295,0,0
Block,368,544,D7672CBF,0,1,1,4294967295,0,0
Block,240,544,F412B968,0,1,1,4294967295,0,0
Block,208,544,3A226A21,0,1,1,4294967295,0,0
Block,208,512,298FCEF6,0,1,1,4294967295,0,0
Block,304,224,50FEE6E4,0,1,1,4294967295,0,0
Block,304,256,70903477,0,1,1,4294967295,0,0
Block,304,288,C36538D5,0,1,1,4294967295,0,0
Block,272,288,70294521,0,1,1,4294967295,0,0
Block,304,320,555E860F,0,1,1,4294967295,0,0
Block,128,320,C8DCC7A1,0,1,1,4294967295,0,0
Block,96,320,AE9540C6,0,1,1,4294967295,0,0
Block,96,288,3793385D,0,1,1,4294967295,0,0
Block,96,256,DB3D0D82,0,1,1,4294967295,0,0
Block,128,256,AAB30B0E,0,1,1,4294967295,0,0
Block,160,256,6B6E8E16,0,1,1,4294967295,0,0
Block,160,288,5FE4995C,0,1,1,4294967295,0,0
Block,112,448,CA49CD9D,0,1,1,4294967295,0,0
Block,112,512,453B5D75,0,1,1,4294967295,0,0
Block,64,512,76E12B18,0,1.5,1,4294967295,0,0
Block,112,480,409AD6FC,0,1,1,4294967295,0,0
Block,112,416,AF39D55B,0,1,1,4294967295,0,0
Block,64,320,DE2E0E28,0,1,1,4294967295,0,0
Block,32,416,2EB886F9,0,1,1,4294967295,0,0
Block,160,320,6561B98E,0,1,1,4294967295,0,0
Block,96,64,556DDB94,0,1,1,4294967295,0,0
Block,96,96,BEE6A339,0,1,1,4294967295,0,0
Block,96,128,7DB5E32C,0,1,1,4294967295,0,0
Block,160,128,2EC91BA1,0,1,1,4294967295,0,0
Block,128,128,6FCB36F4,0,1,1,4294967295,0,0
Block,128,64,8FCCF4BB,0,1,1,4294967295,0,0
Block,160,64,404AAE61,0,1,1,4294967295,0,0
Block,160,96,4E644C9A,0,1,1,4294967295,0,0
Block,224,144,4789FD7C,0,1,1,4294967295,0,0
Block,160,224,2DF4ECF9,0,1,1,4294967295,0,0
PlayerStart,704,160,41AEFDA9,0,1,1,4294967295,0,0
SaveVeryHard,704,160,38585588,0,1,1,4294967295,0,0
SaveVeryHard,432,512,69FAE17C,0,1,1,4294967295,0,0
Platform,272,464,AD25276C,0,0.5,2,4294967295,0,0
Warp,128,32,14E262A3,0,1,1,4294967295,0,1
