SpikeDown,144,512,51FB61C6,0,1,1,4294967295,0,0
SpikeUp,144,480,4449E4DB,0,1,1,4294967295,0,0
SpikeDown,128,480,77271AF8,0,1,1,4294967295,0,0
SpikeUp,144,160,555AF542,0,1,1,4294967295,0,0
SpikeUp,176,160,9D735048,0,1,1,4294967295,0,0
SpikeDown,160,160,2A261895,0,1,1,4294967295,0,0
SpikeUp,96,192,FA715997,0,1,1,4294967295,0,0
SpikeUp,0,192,D36A4058,0,1,1,4294967295,0,0
SpikeDown,16,192,6D80F142,0,1,1,4294967295,0,0
SpikeDown,144,192,4754A305,0,1,1,4294967295,0,0
SpikeDown,176,192,BA13CE5F,0,1,1,4294967295,0,0
SpikeDown,208,192,587CF54D,0,1,1,4294967295,0,0
SpikeUp,160,192,D64FAE01,0,1,1,4294967295,0,0
SpikeDown,240,448,9782013D,0,1,1,4294967295,0,0
SpikeDown,320,448,A2068F0D,0,1,1,4294967295,0,0
SpikeDown,96,256,84972860,0,1,1,4294967295,0,0
SpikeUp,16,256,42EF2E5E,0,1,1,4294967295,0,0
SpikeDown,0,256,34C97685,0,1,1,4294967295,0,0
SpikeUp,192,256,60344F3F,0,1,1,4294967295,0,0
SpikeUp,224,256,717EB479,0,1,1,4294967295,0,0
SpikeDown,208,256,FDAE9A1D,0,1,1,4294967295,0,0
SpikeUp,336,256,71EE2B68,0,1,1,4294967295,0,0
SpikeDown,160,224,469B325C,0,1,1,4294967295,0,0
SpikeUp,208,224,354D8A71,0,1,1,4294967295,0,0
SpikeUp,272,224,B6CD6783,0,1,1,4294967295,0,0
SpikeUp,384,272,DEEA22D8,0,1,1,4294967295,0,0
SpikeDown,384,304,1946A95A,0,1,1,4294967295,0,0
SpikeUp,48,208,01B663AA,0,1,1,4294967295,0,0
SpikeUp,496,208,007E8B11,0,1,1,4294967295,0,0
SpikeUp,544,208,B69344EC,0,1,1,4294967295,0,0
SpikeUp,80,416,6214872D,0,1,1,4294967295,0,0
SpikeUp,128,416,41F9D068,0,1,1,4294967295,0,0
SpikeUp,320,416,E1043DA3,0,1,1,4294967295,0,0
SpikeDown,592,416,FF1871E1,0,1,1,4294967295,0,0
SpikeUp,528,336,6D251C74,0,1,1,4294967295,0,0
SpikeDown,464,560,7DBC7896,0,1,1,4294967295,0,0
SpikeDown,528,560,33A23006,0,1,1,4294967295,0,0
SpikeUp,496,576,492F6088,0,1,1,4294967295,0,0
SpikeDown,416,464,D889D89F,0,1,1,4294967295,0,0
SpikeDown,544,464,472FAB35,0,1,1,4294967295,0,0
SpikeDown,672,464,32CF97B1,0,1,1,4294967295,0,0
SpikeUp,416,496,C10ABFA7,0,1,1,4294967295,0,0
SpikeUp,544,496,3532EAB7,0,1,1,4294967295,0,0
SpikeUp,640,496,7D2ABF8A,0,1,1,4294967295,0,0
SpikeUp,704,496,0E91B70B,0,1,1,4294967295,0,0
SpikeUp,432,528,7E62D48B,0,1,1,4294967295,0,0
SpikeDown,416,528,9A44A2C5,0,1,1,4294967295,0,0
SpikeUp,464,528,09D2C01F,0,1,1,4294967295,0,0
SpikeUp,528,528,497F8105,0,1,1,4294967295,0,0
SpikeDown,544,528,A49B3D93,0,1,1,4294967295,0,0
SpikeUp,560,528,C0D4EC6E,0,1,1,4294967295,0,0
SpikeUp,624,528,FE0204C4,0,1,1,4294967295,0,0
SpikeDown,640,528,3BB34690,0,1,1,4294967295,0,0
SpikeDown,704,528,C0611D78,0,1,1,4294967295,0,0
SpikeUp,720,528,12F6D735,0,1,1,4294967295,0,0
SpikeDown,768,480,AE0F669E,0,1,1,4294967295,0,0
SpikeUp,544,432,DCB8872A,0,1,1,4294967295,0,0
SpikeDown,656,432,5C1AA124,0,1,1,4294967295,0,0
SpikeDown,688,432,80B2FE4A,0,1,1,4294967295,0,0
SpikeUp,368,368,42A7BAF7,0,1,1,4294967295,0,0
SpikeUp,464,368,CAE9653C,0,1,1,4294967295,0,0
SpikeUp,672,368,FC76FAE9,0,1,1,4294967295,0,0
SpikeUp,416,400,BC516DAA,0,1,1,4294967295,0,0
SpikeUp,656,400,7122C98F,0,1,1,4294967295,0,0
SpikeUp,688,400,34823EEF,0,1,1,4294967295,0,0
SpikeDown,64,352,91EBF33C,0,1,1,4294967295,0,0
SpikeUp,160,352,1CEC5E10,0,1,1,4294967295,0,0
SpikeDown,352,352,CC71361B,0,1,1,4294967295,0,0
SpikeUp,576,352,FE13D109,0,1,1,4294967295,0,0
SpikeUp,608,352,153C8DD9,0,1,1,4294967295,0,0
SpikeDown,704,352,689EAC14,0,1,1,4294967295,0,0
SpikeUp,720,352,01DD9AD4,0,1,1,4294967295,0,0
SpikeDown,96,384,9EFB6B4A,0,1,1,4294967295,0,0
SpikeDown,160,384,AFB440D1,0,1,1,4294967295,0,0
SpikeUp,176,384,6E8270F9,0,1,1,4294967295,0,0
SpikeUp,240,384,274B442A,0,1,1,4294967295,0,0
SpikeDown,576,384,3F9A9A03,0,1,1,4294967295,0,0
SpikeDown,608,384,6F56FD79,0,1,1,4294967295,0,0
SpikeDown,720,384,3B0743C4,0,1,1,4294967295,0,0
SpikeUp,768,384,31F79CC1,0,1,1,4294967295,0,0
SpikeUp,64,320,AC724990,0,1,1,4294967295,0,0
SpikeDown,80,320,D57F1A5D,0,1,1,4294967295,0,0
SpikeUp,96,320,A32A0D42,0,1,1,4294967295,0,0
SpikeDown,208,320,6DF6C0A4,0,1,1,4294967295,0,0
SpikeUp,352,320,57F7E5CD,0,1,1,4294967295,0,0
SpikeUp,592,320,76F7F64C,0,1,1,4294967295,0,0
SpikeDown,752,320,5C3BF411,0,1,1,4294967295,0,0
SpikeUp,144,288,27A9F7F1,0,1,1,4294967295,0,0
SpikeDown,192,288,43AC375F,0,1,1,4294967295,0,0
SpikeDown,224,288,E74DF66E,0,1,1,4294967295,0,0
SpikeUp,208,288,4F6DEE9A,0,1,1,4294967295,0,0
SpikeUp,752,288,C1F61E3C,0,1,1,4294967295,0,0
SpikeDown,48,240,47F85ADC,0,1,1,4294967295,0,0
SpikeUp,448,240,F66937FC,0,1,1,4294967295,0,0
SpikeUp,656,240,6800E2E5,0,1,1,4294967295,0,0
SpikeDown,608,240,0E41081F,0,1,1,4294967295,0,0
SpikeUp,432,176,9C72C775,0,1,1,4294967295,0,0
SpikeUp,608,176,ADBFDCB6,0,1,1,4294967295,0,0
SpikeDown,624,176,084865D7,0,1,1,4294967295,0,0
SpikeUp,592,32,B79392A9,0,1,1,4294967295,0,0
SpikeUp,544,32,4191963A,0,1,1,4294967295,0,0
SpikeDown,112,64,F139C273,0,1,1,4294967295,0,0
SpikeUp,48,64,308B4911,0,1,1,4294967295,0,0
SpikeUp,160,64,95617E2E,0,1,1,4294967295,0,0
SpikeDown,544,64,F50FF0D7,0,1,1,4294967295,0,0
SpikeUp,512,48,436DEA6D,0,1,1,4294967295,0,0
SpikeUp,448,48,A70DE411,0,1,1,4294967295,0,0
SpikeUp,400,0,D8B81727,0,1,1,4294967295,0,0
SpikeDown,480,144,DC37AAF5,0,1,1,4294967295,0,0
SpikeDown,416,144,CE38FFF3,0,1,1,4294967295,0,0
SpikeUp,624,112,C718C6F5,0,1,1,4294967295,0,0
SpikeDown,432,112,9FFFFE72,0,1,1,4294967295,0,0
SpikeUp,416,112,FEC4DCEC,0,1,1,4294967295,0,0
SpikeDown,512,80,293180DB,0,1,1,4294967295,0,0
SpikeDown,448,80,8C1213B6,0,1,1,4294967295,0,0
SpikeUp,432,80,31467C24,0,1,1,4294967295,0,0
SpikeDown,64,128,B545EAAE,0,1,1,4294967295,0,0
SpikeUp,80,128,E67A48EF,0,1,1,4294967295,0,0
SpikeUp,160,128,76462AFA,0,1,1,4294967295,0,0
SpikeUp,256,128,2316C085,0,1,1,4294967295,0,0
SpikeDown,384,128,7D56C91F,0,1,1,4294967295,0,0
SpikeDown,352,128,F27B758F,0,1,1,4294967295,0,0
SpikeUp,320,128,E820ED45,0,1,1,4294967295,0,0
SpikeDown,288,128,0280F234,0,1,1,4294967295,0,0
SpikeDown,48,96,E9A9BEDC,0,1,1,4294967295,0,0
SpikeUp,64,96,16487D00,0,1,1,4294967295,0,0
SpikeDown,160,96,C90A8BD8,0,1,1,4294967295,0,0
SpikeUp,208,96,8B222F14,0,1,1,4294967295,0,0
SpikeUp,384,96,9CBD6B30,0,1,1,4294967295,0,0
SpikeUp,288,96,877E805C,0,1,1,4294967295,0,0
genericRainbow,288,512,2F5FEDCB,0,1,1,4294967295,0,0
Block,176,512,933493A3,0,1,1,4294967295,0,0
Block,80,160,A10F1E4D,0,1,1,4294967295,0,0
Block,112,160,AD35E376,0,1,1,4294967295,0,0
Block,16,160,6221A252,0,1,1,4294967295,0,0
Block,208,160,914A2281,0,1,1,4294967295,0,0
Block,256,160,66B5BC3F,0,1,1,4294967295,0,0
Block,320,160,C8E5A864,0,1,1,4294967295,0,0
Block,48,448,12F0EF56,0,1,1,4294967295,0,0
Block,80,448,758F970A,0,1,1,4294967295,0,0
Block,128,448,F57D9C7C,0,1,1,4294967295,0,0
Block,736,448,69617ABD,0,1,1,4294967295,0,0
Block,768,448,1D032CE4,0,1,1,4294967295,0,0
Block,272,256,D273AD55,0,1,1,4294967295,0,0
Block,96,224,97C75B1D,0,1,1,4294967295,0,0
Block,0,224,81609AE1,0,1,1,4294967295,0,0
Block,432,272,04EC13DA,0,1,1,4294967295,0,0
Block,464,272,CE8881A5,0,1,1,4294967295,0,0
Block,496,272,CDDC6A3F,0,1,1,4294967295,0,0
Block,656,272,E6A7A810,0,1,1,4294967295,0,0
Block,432,208,A3D5674C,0,1,1,4294967295,0,0
Block,608,208,F332CEBB,0,1,1,4294967295,0,0
Block,48,416,25502346,0,1,1,4294967295,0,0
Block,176,416,CEE0A134,0,1,1,4294967295,0,0
Block,208,416,E1719174,0,1,1,4294967295,0,0
Block,240,416,CFF76D35,0,1,1,4294967295,0,0
Block,768,416,586FC909,0,1,1,4294967295,0,0
Block,432,560,24D40316,0,1,1,4294967295,0,0
Block,560,560,E1FF3211,0,1,1,4294967295,0,0
Block,592,560,624CB96F,0,1,1,4294967295,0,0
Block,624,560,6ACF7287,0,1,1,4294967295,0,0
Block,720,560,A73F7D3B,0,1,1,4294967295,0,0
Block,752,560,B0137107,0,1,1,4294967295,0,0
Block,288,464,50BA6B70,0,1,1,4294967295,0,0
Block,464,464,3CAE2FF2,0,1,1,4294967295,0,0
Block,496,464,78EC4BC8,0,1,1,4294967295,0,0
Block,528,464,C8FEAF5F,0,1,1,4294967295,0,0
Block,416,432,FFC8A95E,0,1,1,4294967295,0,0
Block,464,432,F6C5D6D2,0,1,1,4294967295,0,0
Block,528,432,7B99E7EC,0,1,1,4294967295,0,0
Block,528,368,9E68D289,0,1,1,4294967295,0,0
Block,368,400,4A120DAD,0,1,1,4294967295,0,0
Block,464,400,E0654604,0,1,1,4294967295,0,0
Block,528,400,37156E44,0,1,1,4294967295,0,0
Block,96,352,BFA3F847,0,1,1,4294967295,0,0
Block,272,352,DD224CDD,0,1,1,4294967295,0,0
Block,304,352,9B38348C,0,1,1,4294967295,0,0
Block,336,352,D95F199C,0,1,1,4294967295,0,0
Block,144,320,E96A0464,0,1,1,4294967295,0,0
Block,272,320,DB85DB1A,0,1,1,4294967295,0,0
Block,336,320,93942DA0,0,1,1,4294967295,0,0
Block,304,320,3E09B10C,0,1,1,4294967295,0,0
Block,704,320,1003C53D,0,1,1,4294967295,0,0
Block,80,288,26D95150,0,1,1,4294967295,0,0
Block,16,288,8033941E,0,1,1,4294967295,0,0
Block,336,288,B82560C9,0,1,1,4294967295,0,0
Block,272,288,464ADC26,0,1,1,4294967295,0,0
Block,576,288,67BCD247,0,1,1,4294967295,0,0
Block,432,240,557EF687,0,1,1,4294967295,0,0
Block,496,240,7B77AEA5,0,1,1,4294967295,0,0
Block,544,240,B887D609,0,1,1,4294967295,0,0
Block,112,32,96C0E083,0,1,1,4294967295,0,0
Block,400,32,F0136335,0,1,1,4294967295,0,0
Block,0,64,20F37051,0,1,1,4294967295,0,0
Block,64,64,AD7914A2,0,1,1,4294967295,0,0
Block,592,64,A2A54038,0,1,1,4294967295,0,0
Block,112,0,AB8C2682,0,1,1,4294967295,0,0
Block,528,144,23700F2A,0,1,1,4294967295,0,0
Block,624,144,989B1E87,0,1,1,4294967295,0,0
Block,480,112,EC0F5275,0,1,1,4294967295,0,0
Block,480,80,9A8B3F02,0,1,1,4294967295,0,0
Block,208,128,70E62049,0,1,1,4294967295,0,0
Block,352,96,29AF07FE,0,1,1,4294967295,0,0
Warp,496,496,788199F7,0,1,1,4294967295,0,1
SaveVeryHard,288,432,3D8A87BB,0,1,1,4294967295,0,0
PlayerStart,48,384,CB3DE797,0,1,1,4294967295,0,0
SaveVeryHard,48,384,1812F5F7,0,1,1,4294967295,0,0
SaveVeryHard,704,288,2EF12459,0,1,1,4294967295,0,0
