stv_ShaderPink,0,0,290A0B99,0,1,1,4294967295,0,0
ShaderReset,0,0,7F6A4502,0,1,1,4294967295,0,0
ShaderReset,19,0,74B83C38,0,1,1,4294967295,0,0
SpikeUp,512,128,5FB0B980,0,1,1,4294967295,0,0
SpikeUp,576,192,3167FD96,0,1,1,4294967295,0,0
SpikeRight,592,128,F75C6EB5,0,1,1,4294967295,0,0
SpikeLeft,560,96,84E9FF87,0,1,1,4294967295,0,0
SpikeLeft,656,96,3CC0DABB,0,1,1,4294967295,0,0
SpikeUp,608,192,E3B8F71C,0,1,1,4294967295,0,0
SpikeDown,688,192,15FF33A3,0,1,1,4294967295,0,0
SpikeRight,720,160,D0B34D11,0,1,1,4294967295,0,0
SpikeLeft,656,288,82928AF2,0,1,1,4294967295,0,0
SpikeLeft,752,96,B4E27C01,0,1,1,4294967295,0,0
SpikeDown,784,128,2D43F380,0,1,1,4294967295,0,0
SpikeUp,688,64,6E130347,0,1,1,4294967295,0,0
SpikeDown,608,256,37590760,0,1,1,4294967295,0,0
SpikeUp,592,336,F8679391,0,1,1,4294967295,0,0
SpikeDown,560,288,99991809,0,1,1,4294967295,0,0
SpikeDown,576,256,D575E621,0,1,1,4294967295,0,0
SpikeDown,544,256,6B96CD4C,0,1,1,4294967295,0,0
SpikeDown,768,240,25853C59,0,1,1,4294967295,0,0
SpikeUp,784,32,59419C7D,0,1,1,4294967295,0,0
SpikeLeft,560,368,47276CE8,0,1,1,4294967295,0,0
SpikeUp,624,432,E89B7A33,0,1,1,4294967295,0,0
MiniSpikeDown,592,400,198BF9C8,0,1,1,4294967295,0,0
SpikeDown,512,496,2E5B0237,0,1,1,4294967295,0,0
SpikeRight,480,384,2D6797BF,0,1,1,4294967295,0,0
SpikeLeft,384,368,492A4EF9,0,1,1,4294967295,0,0
SpikeLeft,416,384,413F716E,0,1,1,4294967295,0,0
SpikeLeft,456,272,B531E01D,0,1,1,4294967295,0,0
SpikeRight,416,368,095EEB9B,0,1,1,4294967295,0,0
SpikeRight,456,256,614E7CF8,0,1,1,4294967295,0,0
SpikeLeft,480,368,7E093BFB,0,1,1,4294967295,0,0
SpikeRight,448,128,7B04D48A,0,1,1,4294967295,0,0
MiniSpikeRight,432,192,9CAB0965,0,1,1,4294967295,0,0
MiniSpikeRight,432,208,C7D5A9D3,0,1,1,4294967295,0,0
SpikeDown,400,224,725FA8F7,0,1,1,4294967295,0,0
SpikeDown,320,192,59340D34,0,1,1,4294967295,0,0
SpikeLeft,288,160,24B27C73,0,1,1,4294967295,0,0
SpikeUp,432,0,0BC15983,0,1,1,4294967295,0,0
SpikeUp,336,272,A4514F80,0,1,1,4294967295,0,0
MiniSpikeUp,320,288,4332E16A,0,1,1,4294967295,0,0
MiniSpikeUp,304,288,01D44A1F,0,1,1,4294967295,0,0
SpikeUp,272,272,FF336173,0,1,1,4294967295,0,0
SpikeUp,208,144,78516604,0,1,1,4294967295,0,0
SpikeUp,240,112,5C8E7ED4,0,1,1,4294967295,0,0
SpikeDown,208,240,A35EA433,0,1,1,4294967295,0,0
SpikeLeft,176,176,7C805B32,0,1,1,4294967295,0,0
SpikeDown,304,64,E066CD7E,0,1,1,4294967295,0,0
MiniSpikeUp,304,48,26F81A71,0,1,1,4294967295,0,0
MiniSpikeUp,320,48,2009CAD7,0,1,1,4294967295,0,0
MiniSpikeUp,384,128,C994E721,0,1,1,4294967295,0,0
MiniSpikeDown,384,144,596DE594,0,1,1,4294967295,0,0
SpikeLeft,400,32,5320F4D1,0,1,1,4294967295,0,0
SpikeUp,320,128,05430354,0,1,1,4294967295,0,0
MiniSpikeRight,352,160,18E01715,0,1,1,4294967295,0,0
SpikeRight,208,496,BC35C34A,0,1,1,4294967295,0,0
SpikeUp,176,464,65E4F350,0,1,1,4294967295,0,0
SpikeDown,176,528,F787FE49,0,1,1,4294967295,0,0
SpikeLeft,160,384,AFFEE29A,0,1,1,4294967295,0,0
SpikeLeft,32,448,F2FB8A9B,0,1,1,4294967295,0,0
SpikeUp,-16,384,F32064E2,0,1,1,4294967295,0,0
SpikeLeft,96,336,B04A49FA,0,1,1,4294967295,0,0
SpikeRight,80,272,93D3B4D1,0,1,1,4294967295,0,0
SpikeUp,16,208,040919FE,0,1,1,4294967295,0,0
SpikeUp,128,208,B03DD9E9,0,1,1,4294967295,0,0
SpikeUp,224,320,0D071FB0,0,1,1,4294967295,0,0
SpikeDown,288,448,C9C30D87,0,1,1,4294967295,0,0
SpikeLeft,320,464,A1F0E783,0,1,1,4294967295,0,0
SpikeRight,352,464,670D0686,0,1,1,4294967295,0,0
SpikeUp,320,560,26272A03,0,1,1,4294967295,0,0
SpikeUp,352,560,179AAEC6,0,1,1,4294967295,0,0
SpikeDown,384,480,660A7C3E,0,1,1,4294967295,0,0
SpikeRight,64,532,D098DC66,0,1,1,4294967295,0,0
Block,544,224,1D4A62B4,0,1,1,4294967295,0,0
Block,576,224,EF742119,0,1,1,4294967295,0,0
Block,512,224,A41BF6B1,0,1,1,4294967295,0,0
Block,512,192,AB4127CA,0,1,1,4294967295,0,0
Block,512,160,742D2AEB,0,1,1,4294967295,0,0
Block,688,160,FDD8B5B7,0,1,1,4294967295,0,0
Block,688,128,7FF8878A,0,1,1,4294967295,0,0
Block,608,224,196DD89F,0,1,1,4294967295,0,0
BlockUnstable,688,256,0848994E,0,1,1,4294967295,0,0
Block,688,288,DDDC9D2F,0,1,1,4294967295,0,0
Block,784,96,8EAF22A9,0,1,1,4294967295,0,0
Block,784,64,565BCE51,0,1,1,4294967295,0,0
Block,688,96,831CBD2D,0,1,1,4294967295,0,0
BlockUnstable,656,352,E469176B,0,1,1,4294967295,0,0
BlockUnstable,768,208,09FED9AE,0,1,1,4294967295,0,0
BlockUnstable,752,64,0314D164,0,1,1,4294967295,0,0
Block,592,368,0343FB34,0,1,1,4294967295,0,0
Block,624,464,C6E6BF75,0,1,1,4294967295,0,0
Block,624,496,2EDB3077,0,1,1,4294967295,0,0
BlockUnstable,592,464,8FFE55B7,0,1,1,4294967295,0,0
Block,624,528,D635485B,0,1,1,4294967295,0,0
Block,608,576,3CC4C168,0,1,1,4294967295,0,0
Block,512,464,EC85BF83,0,1,1,4294967295,0,0
BlockUnstable,512,432,C3A205BF,0,1,1,4294967295,0,0
Block,432,448,67BCACE8,0,1,1,4294967295,0,0
Block,448,384,BD95E36C,0,1,1,4294967295,0,0
BlockUnstable,488,272,BB78EDC7,0,1,1,4294967295,0,0
BlockUnstable,400,192,46B520D6,0,1,1,4294967295,0,0
Block,416,128,D2C72FF3,0,1,1,4294967295,0,0
Block,432,64,25654B06,0,1,1,4294967295,0,0
Block,432,32,9DC6397B,0,1,1,4294967295,0,0
Block,336,304,ACF3CFA2,0,1,1,4294967295,0,0
Block,304,304,7AE4AEAC,0,1,1,4294967295,0,0
Block,272,304,533A422E,0,1,1,4294967295,0,0
Block,240,240,96CCD739,0,1,1,4294967295,0,0
Block,240,208,967FB294,0,1,1,4294967295,0,0
Block,240,176,F48713C2,0,1,1,4294967295,0,0
Block,240,144,E625673B,0,1,1,4294967295,0,0
Block,208,176,BE5C0719,0,1,1,4294967295,0,0
Block,208,208,88D1AB86,0,1,1,4294967295,0,0
Block,320,160,883AEEC8,0,1,1,4294967295,0,0
BlockUnstable,272,384,4844D776,0,1,1,4294967295,0,0
Block,192,384,021E7C3A,0,1,1,4294967295,0,0
Block,176,496,7BBCFFE3,0,1,1,4294967295,0,0
Block,176,576,547004B9,0,1,1,4294967295,0,0
BlockUnstable,32,532,3C2056DE,0,1,1,4294967295,0,0
Block,0,416,8CF5AE94,0,0.5,2,4294967295,0,0
Block,64,416,1C2EEE9A,0,1,1,4294967295,0,0
Block,48,272,318DF85F,0,1,1,4294967295,0,0
Block,128,304,7DC72B6A,0,0.5,2,4294967295,0,0
Block,128,272,C0462D60,0,1,1,4294967295,0,0
Block,16,240,1F5F55A9,0,1,1,4294967295,0,0
Block,16,272,B3F71697,0,1,1,4294967295,0,0
Block,128,240,76368E90,0,1,1,4294967295,0,0
Block,224,384,F5B82468,0,1,1,4294967295,0,0
Block,224,352,AB20A2C3,0,1,1,4294967295,0,0
Block,288,416,8E7C684D,0,1,1,4294967295,0,0
Block,320,592,1BD62514,0,1,1,4294967295,0,0
Block,352,592,83CAABC0,0,1,1,4294967295,0,0
Block,432,480,2AC7430E,0,1,1,4294967295,0,0
Block,432,512,64DFB890,0,1,1,4294967295,0,0
Block,432,544,A1EFE1E7,0,1,1,4294967295,0,0
Block,432,576,1F9E3D99,0,1,1,4294967295,0,0
BlockUnstable,64,384,53E9B230,0,1,1,4294967295,0,0
VineLeft,688,288,EB7FC3D0,0,1,1,4294967295,0,0
VineRight,624,512,1537AC8B,0,1,1,4294967295,0,0
VineRight,512,464,A5934C23,0,1,1,4294967295,0,0
VineRight,64,416,C3F5EDFF,0,1,1,4294967295,0,0
PlayerStart,544,192,1B53E569,0,1,1,4294967295,0,0
SaveVeryHard,544,192,F6D19E1D,0,1,1,4294967295,0,0
Cherry,656,192,A8B826A8,0,1,1,4294967295,0,0
Cherry,640,368,A02859E0,0,1,1,4294967295,0,0
Cherry,736,336,A881FA63,0,1,1,4294967295,0,0
Cherry,544,368,AA8D1DCB,0,1,1,4294967295,0,0
PlatformNosnap,456,304,ABE050B3,0,1,1,4294967295,0,0
Cherry,408,280,E97804E9,0,1,1,4294967295,0,0
PlatformNosnap,288,192,20CD56F2,0,1,1,4294967295,0,0
Cherry,448,112,6E69C930,0,1,1,4294967295,0,0
Cherry,416,432,7DCE0FAA,0,1,1,4294967295,0,0
Cherry,256,96,E36F8E5F,0,1,1,4294967295,0,0
Cherry,416,312,2ACB32EA,0,1,1,4294967295,0,0
Cherry,424,344,43DA4CDF,0,1,1,4294967295,0,0
Cherry,320,400,DE706CAB,0,1,1,4294967295,0,0
Cherry,160,192,DBCB8CCA,0,1,1,4294967295,0,0
Cherry,416,528,466A1C9E,0,1,1,4294967295,0,0
Warp,400,576,4B6653FB,0,1,1,4294967295,0,0
Cherry,512,112,8DCE96B9,0,1,1,4294967295,0,0
Cherry,496,80,4DAEB848,0,1,1,4294967295,0,0
Water,768,96,76F4A58C,0,0.5,3.5,4294967295,0,0
Water,720,96,D39456CB,0,1.5,0.5,4294967295,0,0
Water,688,0,538657CA,0,0.5,3,4294967295,0,0
WaterRefreshing,784,0,63CF5B1C,0,0.5,2,4294967295,0,0
WaterCatharsis,752,0,E80EEE9A,0,1,2,4294967295,0,0
Water,320,192,830BDE5C,0,1,2,4294967295,0,0
Water,224,416,2228FF19,0,0.5,3,4294967295,0,0
Water,16,464,8AA75960,0,1.5,0.5,4294967295,0,0
Water,96,288,6FF1F8AC,0,1,2,4294967295,0,0
