MiniSpikeLeft,720,240,39891643,0,1,1,4294967295,0,0
MiniSpikeRight,736,240,7494305F,0,1,1,4294967295,0,0
MiniSpikeRight,768,240,4953A9B8,0,1,1,4294967295,0,0
MiniSpikeLeft,752,240,CA45AB45,0,1,1,4294967295,0,0
SpikeDown,480,240,4A64813D,0,1,1,4294967295,0,0
SpikeDown,656,240,47078AAB,0,1,1,4294967295,0,0
SpikeDown,592,240,BED12516,0,1,1,4294967295,0,0
MiniSpikeLeft,240,240,BDCC4470,0,1,1,4294967295,0,0
MiniSpikeRight,256,240,81328CDB,0,1,1,4294967295,0,0
SpikeLeft,416,240,F3E4415F,0,1,1,4294967295,0,0
SpikeRight,384,240,7E5AAA27,0,1,1,4294967295,0,0
MiniSpikeRight,688,160,19092C88,0,1,1,4294967295,0,0
MiniSpikeRight,544,160,6187FAF2,0,1,1,4294967295,0,0
MiniSpikeRight,768,16,772CF210,0,1,1,4294967295,0,0
MiniSpikeLeft,752,16,FA26CD3A,0,1,1,4294967295,0,0
SpikeDown,656,16,947E2B78,0,1,1,4294967295,0,0
MiniSpikeRight,768,80,DFE5DEF1,0,1,1,4294967295,0,0
MiniSpikeLeft,752,80,D7297AA8,0,1,1,4294967295,0,0
SpikeLeft,608,80,21698235,0,1,1,4294967295,0,0
SpikeDown,96,80,CCC1DE2D,0,1,1,4294967295,0,0
MiniSpikeLeft,672,272,1D7C60DF,0,1,1,4294967295,0,0
MiniSpikeRight,688,272,B49889CF,0,1,1,4294967295,0,0
MiniSpikeDown,152,272,20D5B3AA,0,1,1,4294967295,0,0
SpikeUp,544,0,28FF82A3,0,1,1,4294967295,0,0
SpikeUp,528,32,BC48E90E,0,1,1,4294967295,0,0
SpikeUp,160,32,E02D5520,0,1,1,4294967295,0,0
SpikeUp,608,336,863A9B50,0,1,1,4294967295,0,0
SpikeDown,752,336,124AFAEB,0,1,1,4294967295,0,0
MiniSpikeRight,736,336,DE03CA68,0,1,1,4294967295,0,0
MiniSpikeLeft,720,336,F81ED5A5,0,1,1,4294967295,0,0
MiniSpikeLeft,272,336,4FC36BDC,0,1,1,4294967295,0,0
MiniSpikeRight,288,336,DF39BB04,0,1,1,4294967295,0,0
SpikeRight,384,336,E434918F,0,1,1,4294967295,0,0
MiniSpikeUp,592,352,4FCB94FC,0,1,1,4294967295,0,0
SpikeLeft,768,352,D8CB8409,0,1,1,4294967295,0,0
MiniSpikeLeft,672,352,A996DE0F,0,1,1,4294967295,0,0
SpikeRight,512,352,AD3F3542,0,1,1,4294967295,0,0
SpikeRight,416,352,4FE4C0E3,0,1,1,4294967295,0,0
MiniSpikeRight,768,328,EB099E8D,0,1,1,4294967295,0,0
MiniSpikeLeft,752,328,73642EF0,0,1,1,4294967295,0,0
SpikeRight,688,-16,58F65A45,0,1,1,4294967295,0,0
SpikeLeft,720,-16,3C435B69,0,1,1,4294967295,0,0
SpikeUp,480,112,A4402046,0,1,1,4294967295,0,0
SpikeUp,512,112,46FA0BFA,0,1,1,4294967295,0,0
SpikeDown,640,112,93691F79,0,1,1,4294967295,0,0
SpikeUp,656,112,3C24A92F,0,1,1,4294967295,0,0
SpikeDown,272,112,ACF329CD,0,1,1,4294967295,0,0
SpikeUp,96,112,F3D297F2,0,1,1,4294967295,0,0
SpikeUp,288,112,6CF29E55,0,1,1,4294967295,0,0
SpikeDown,752,184,410AD206,0,1,1,4294967295,0,0
MiniSpikeLeft,160,168,21EE773F,0,1,1,4294967295,0,0
MiniSpikeRight,176,168,1F0B1C0C,0,1,1,4294967295,0,0
SpikeLeft,720,88,439DC1F1,0,1,1,4294967295,0,0
SpikeRight,608,64,8C325DDF,0,1,1,4294967295,0,0
MiniSpikeRight,624,176,803404C9,0,1,1,4294967295,0,0
SpikeRight,688,344,79BB1B08,0,1,1,4294967295,0,0
SpikeUp,592,144,2FC8C5B6,0,1,1,4294967295,0,0
SpikeDown,320,144,7473E1F9,0,1,1,4294967295,0,0
SpikeDown,288,144,86203AD8,0,1,1,4294967295,0,0
SpikeRight,128,144,B4F6268D,0,1,1,4294967295,0,0
SpikeUp,240,144,8DF0E058,0,1,1,4294967295,0,0
SpikeUp,544,288,BB9B9F2C,0,1,1,4294967295,0,0
SpikeDown,528,288,A163B876,0,1,1,4294967295,0,0
SpikeRight,224,288,6B5DE3FA,0,1,1,4294967295,0,0
SpikeLeft,560,208,F889C690,0,1,1,4294967295,0,0
SpikeDown,336,208,C7DBFF7F,0,1,1,4294967295,0,0
SpikeUp,352,208,25C2B2E0,0,1,1,4294967295,0,0
SpikeUp,528,192,674E5684,0,1,1,4294967295,0,0
SpikeLeft,560,368,0753EF86,0,1,1,4294967295,0,0
SpikeRight,384,368,9D45A680,0,1,1,4294967295,0,0
SpikeLeft,624,384,1F892C52,0,1,1,4294967295,0,0
SpikeUp,624,304,23E45CDD,0,1,1,4294967295,0,0
SpikeUp,352,304,72A88468,0,1,1,4294967295,0,0
SpikeRight,656,400,B20880E9,0,1,1,4294967295,0,0
MiniSpikeDown,352,400,45290E1C,0,1,1,4294967295,0,0
MiniSpikeDown,368,400,3201FDFE,0,1,1,4294967295,0,0
MiniSpikeRight,688,448,FA8F81EA,0,1,1,4294967295,0,0
MiniSpikeLeft,704,440,D9050AD4,0,1,1,4294967295,0,0
SpikeDown,736,424,F5D2DFD5,0,1,1,4294967295,0,0
SpikeUp,720,392,CCD9D278,0,1,1,4294967295,0,0
SpikeDown,272,392,3743A500,0,1,1,4294967295,0,0
SpikeUp,288,392,656B7A56,0,1,1,4294967295,0,0
SpikeDown,416,432,C3A88B6B,0,1,1,4294967295,0,0
MiniSpikeDown,208,128,BC09408E,0,1,1,4294967295,0,0
MiniSpikeDown,360,416,107B52CE,0,1,1,4294967295,0,0
MiniSpikeLeft,320,416,6BCE2B3C,0,1,1,4294967295,0,0
MiniSpikeRight,336,416,1094A2D7,0,1,1,4294967295,0,0
SpikeDown,480,416,3B94BE93,0,1,1,4294967295,0,0
MiniSpikeLeft,160,96,8AB9C840,0,1,1,4294967295,0,0
MiniSpikeRight,176,96,4B5E05BD,0,1,1,4294967295,0,0
MiniSpikeUp,152,256,941A41CA,0,1,1,4294967295,0,0
SpikeLeft,192,256,04A688F5,0,1,1,4294967295,0,0
SpikeRight,160,256,4BD1673F,0,1,1,4294967295,0,0
SpikeDown,240,248,20B0708E,0,1,1,4294967295,0,0
SpikeUp,272,248,F4AB5847,0,1,1,4294967295,0,0
SpikeDown,288,312,B88C4ED4,0,1,1,4294967295,0,0
SpikeDown,304,280,B1E3B9C3,0,1,1,4294967295,0,0
SpikeDown,432,464,FD7B59E0,0,1,1,4294967295,0,0
SpikeUp,448,464,D14E295D,0,1,1,4294967295,0,0
SpikeUp,512,464,5671E1FA,0,1,1,4294967295,0,0
SpikeDown,512,496,2324A060,0,1,1,4294967295,0,0
SpikeUp,464,496,45D6D69D,0,1,1,4294967295,0,0
SpikeUp,496,496,BE2EF812,0,1,1,4294967295,0,0
SpikeRight,128,48,4C4D3888,0,1,1,4294967295,0,0
SpikeUp,480,320,DF3EFD50,0,1,1,4294967295,0,0
Block,752,-8,EBE34AD7,0,1,1,4294967295,0,0
Block,752,152,FBAD5099,0,1,1,4294967295,0,0
Block,752,120,58C5586C,0,1,1,4294967295,0,0
Block,352,240,0F72F56D,0,1,1,4294967295,0,0
Block,336,80,DA81CBD9,0,1,1,4294967295,0,0
Block,304,80,C76D81DB,0,1,1,4294967295,0,0
Block,272,80,FA445A7B,0,1,1,4294967295,0,0
Block,560,0,53218EB2,0,1,1,4294967295,0,0
Block,560,32,87C53918,0,1,1,4294967295,0,0
Block,624,336,06541EB1,0,1,1,4294967295,0,0
Block,352,336,3ABEF07D,0,1,1,4294967295,0,0
Block,480,352,E6598B66,0,1,1,4294967295,0,0
Block,656,-16,269C6D7E,0,1,1,4294967295,0,0
Block,336,112,3F979638,0,1,1,4294967295,0,0
Block,752,88,60C0093D,0,1,1,4294967295,0,0
Block,528,64,0824FCF2,0,1,1,4294967295,0,0
Block,560,64,9F7A8BF6,0,1,1,4294967295,0,0
Block,192,64,9FE2A930,0,1,1,4294967295,0,0
Block,656,176,1F6F4A1A,0,1,1,4294967295,0,0
Block,480,176,A6669B17,0,1,1,4294967295,0,0
Block,592,176,B52B9EEA,0,1,1,4294967295,0,0
Block,240,176,D0C648A2,0,1,1,4294967295,0,0
Block,656,144,D0C2BF40,0,1,1,4294967295,0,0
Block,480,144,30C02065,0,1,1,4294967295,0,0
Block,512,144,7897A0C5,0,1,1,4294967295,0,0
Block,336,144,13323D27,0,1,1,4294967295,0,0
Block,96,144,41B66A40,0,1,1,4294967295,0,0
Block,752,288,CF8F62A7,0,1,1,4294967295,0,0
Block,656,208,93499F82,0,1,1,4294967295,0,0
Block,480,208,1F79D72B,0,1,1,4294967295,0,0
Block,592,208,D7713895,0,1,1,4294967295,0,0
Block,240,208,DA0346DC,0,1,1,4294967295,0,0
Block,512,368,48B1115F,0,1,1,4294967295,0,0
Block,592,368,13749520,0,1,1,4294967295,0,0
Block,624,368,0BDB8106,0,1,1,4294967295,0,0
Block,352,368,DE1C3235,0,1,1,4294967295,0,0
Block,480,384,DE8A7E9D,0,1,1,4294967295,0,0
Block,720,424,34628B8B,0,1,1,4294967295,0,0
Block,656,432,7AAC1A12,0,1,1,4294967295,0,0
Block,192,96,12D05FF2,0,1,1,4294967295,0,0
Block,120,256,0A0F3B34,0,1,1,4294967295,0,0
Block,88,256,70C951C2,0,1,1,4294967295,0,0
Block,56,256,6C5AAFA2,0,1,1,4294967295,0,0
Block,24,256,C29A7A67,0,1,1,4294967295,0,0
Block,-8,256,E348EAA4,0,1,1,4294967295,0,0
Block,752,248,AC506F8C,0,1,1,4294967295,0,0
Block,272,312,6C353D28,0,1,1,4294967295,0,0
Block,272,280,F20902D6,0,1,1,4294967295,0,0
Block,656,464,EE3865D9,0,1,1,4294967295,0,0
Block,656,496,9228B420,0,1,1,4294967295,0,0
Block,592,496,413DE6A0,0,1,1,4294967295,0,0
Block,624,496,AEF40A65,0,1,1,4294967295,0,0
Block,448,496,0F818448,0,1,1,4294967295,0,0
Block,96,48,F654E059,0,1,1,4294967295,0,0
levis_BorderTile,0,0,7709506F,0,1,1,4294967295,0,0
Cherry,720,168,DB407622,0,1,1,4294967295,0,0
Cherry,416,304,046E07F1,0,1,1,4294967295,0,0
Cherry,560,432,BB440054,0,1,1,4294967295,0,0
Platform,272,360,C8E2D9EB,0,1,1,4294967295,0,1
Platform,528,176,FFCB0423,0,1,1,4294967295,0,1
SaveBlocker,560,464,A74E9A7C,0,1,1,4294967295,0,0
SaveBlocker,152,224,11401F89,0,1,1,4294967295,0,0
SaveVeryHard,96,224,64315C8D,0,1,1,4294967295,0,0
PlayerStart,0,224,BDC0EBC7,0,1,1,4294967295,0,0
SaveVeryHard,624,464,4AD5550B,0,1,1,4294967295,0,0
Warp,720,496,C8B4A7F6,0,1,1,4294967295,0,1
WaterRefreshing,752,24,97A53999,0,1,2,4294967295,0,0
Water,528,224,319D3691,0,1,2,4294967295,0,0
Water,160,104,CC782D6F,0,1,2.25,4294967295,0,0
Water,512,352,520E22B0,0,1,0.5,4294967295,0,0
Water,672,112,2E4C3EAE,0,0.5,1,4294967295,0,0
WaterRefreshing,752,184,5D96927F,0,1,2,4294967295,0,0
WaterRefreshing,160,64,5DD9E89C,0,1,1.25,4294967295,0,0
Water,656,344,FE95ED23,0,1,2.75,4294967295,0,0
WaterRefreshing,304,144,E7C230E5,0,1,1,4294967295,0,0
Water,416,368,BAB01FE1,0,1,2,4294967295,0,0
WaterRefreshing,416,432,30B32836,0,0.5,1,4294967295,0,0
Water,720,248,25E6295E,0,1,3,4294967295,0,0
Water,256,240,742DB523,0,1,1.25,4294967295,0,0
WaterRefreshing,416,464,64A9F5D3,0,1,1,4294967295,0,0
WaterRefreshing,528,496,0C7923D7,0,0.5,1,4294967295,0,0
Water,496,320,6AD8D6C3,0,0.5,1,4294967295,0,0
WaterCatharsis,544,144,59F3122A,0,1.5,2.5,4294967295,0,0
WaterCatharsis,592,144,82EB4CE2,0,0.5,1,4294967295,0,0
