Block,192,384,85670385,0,13,2,4294967295,0,0
Block,160,272,961ADFE8,0,1,1,4294967295,0,0
Block,160,304,0B9C1C44,0,1,1,4294967295,0,0
Block,192,304,7752A04D,0,1,1,4294967295,0,0
Block,192,272,6D0DB1C4,0,1,1,4294967295,0,0
Block,576,272,C2848B4C,0,1,1,4294967295,0,0
Block,576,304,0AC0864F,0,1,1,4294967295,0,0
Block,608,304,78DCB309,0,1,1,4294967295,0,0
Block,608,272,40C820F4,0,1,1,4294967295,0,0
PlayerStart,384,352,D545CB7C,0,1,1,4294967295,0,0
Platform,352,288,90F65A19,0,3,1,4294967295,0,0
lb_SignStage,384,256,5A4458C5,0,1,1,4294967295,0,1
lb_SignStage,176,240,F09F8A5D,0,1,1,4294967295,0,1
SaveVeryHard,384,352,CA5F6386,0,1,1,4294967295,0,0
lb_SignStage,592,240,CE318907,0,1,1,4294967295,0,1
