SpikeRight,352,192,08E1B50B,0,1,1,4294967295,0,0
SpikeLeft,320,192,CC5E6BAE,0,1,1,4294967295,0,0
SpikeRight,320,208,7F791DA9,0,1,1,4294967295,0,0
SpikeUp,560,480,47A19129,0,1,1,4294967295,0,0
SpikeUp,496,480,40F31C8F,0,1,1,4294967295,0,0
SpikeRight,288,480,6F007B1D,0,1,1,4294967295,0,0
SpikeDown,128,480,202C8037,0,1,1,4294967295,0,0
SpikeLeft,560,432,F599FDF7,0,1,1,4294967295,0,0
SpikeRight,496,432,DE0903EF,0,1,1,4294967295,0,0
SpikeLeft,432,432,6CAB41EC,0,1,1,4294967295,0,0
SpikeLeft,368,432,DE7CC2FC,0,1,1,4294967295,0,0
SpikeLeft,96,432,CFAA6194,0,1,1,4294967295,0,0
SpikeRight,160,432,EDB3E606,0,1,1,4294967295,0,0
SpikeDown,592,464,357BBE7A,0,1,1,4294967295,0,0
SpikeDown,464,464,ACA07807,0,1,1,4294967295,0,0
SpikeRight,400,464,BCA2B33B,0,1,1,4294967295,0,0
SpikeLeft,192,464,B3B30ABB,0,1,1,4294967295,0,0
SpikeRight,64,464,FE74F187,0,1,1,4294967295,0,0
SpikeLeft,32,464,DA6D4C60,0,1,1,4294967295,0,0
SpikeRight,224,464,A635559D,0,1,1,4294967295,0,0
SpikeRight,608,496,000BC6B2,0,1,1,4294967295,0,0
SpikeLeft,448,496,9C440A3B,0,1,1,4294967295,0,0
SpikeRight,496,560,0179DE2D,0,1,1,4294967295,0,0
SpikeRight,320,560,279017ED,0,1,1,4294967295,0,0
SpikeDown,288,560,FFCDDBBB,0,1,1,4294967295,0,0
SpikeLeft,256,560,0760433D,0,1,1,4294967295,0,0
SpikeDown,528,576,26EA1411,0,1,1,4294967295,0,0
SpikeDown,352,576,DBC99AC2,0,1,1,4294967295,0,0
SpikeUp,528,416,D45BAF82,0,1,1,4294967295,0,0
SpikeRight,704,384,D9D6E7AD,0,1,1,4294967295,0,0
SpikeDown,0,384,A4D7DC4A,0,1,1,4294967295,0,0
SpikeDown,336,384,E38CDA4A,0,1,1,4294967295,0,0
SpikeDown,304,384,6F48FDAF,0,1,1,4294967295,0,0
SpikeLeft,704,368,905A6F0E,0,1,1,4294967295,0,0
SpikeDown,512,368,06C60971,0,1,1,4294967295,0,0
SpikeUp,496,368,813183F5,0,1,1,4294967295,0,0
SpikeDown,208,368,B94787C7,0,1,1,4294967295,0,0
SpikeUp,736,336,8A8A0154,0,1,1,4294967295,0,0
SpikeUp,768,336,4D4EC47E,0,1,1,4294967295,0,0
SpikeRight,592,336,B7D4F0B7,0,1,1,4294967295,0,0
SpikeRight,544,336,255A175A,0,1,1,4294967295,0,0
SpikeLeft,480,336,D79EA21D,0,1,1,4294967295,0,0
SpikeUp,208,336,A6262D14,0,1,1,4294967295,0,0
SpikeUp,752,304,4D5BF81A,0,1,1,4294967295,0,0
SpikeRight,592,304,51A6BBD6,0,1,1,4294967295,0,0
SpikeDown,240,304,7C528736,0,1,1,4294967295,0,0
SpikeUp,224,304,C7666911,0,1,1,4294967295,0,0
SpikeUp,192,304,CB27E2FA,0,1,1,4294967295,0,0
SpikeDown,176,304,559D47C5,0,1,1,4294967295,0,0
SpikeDown,64,304,2D6EA013,0,1,1,4294967295,0,0
SpikeDown,672,288,A356B502,0,1,1,4294967295,0,0
SpikeDown,704,288,BB8CC2AA,0,1,1,4294967295,0,0
SpikeRight,480,288,72B3E88B,0,1,1,4294967295,0,0
SpikeLeft,448,288,93218D6B,0,1,1,4294967295,0,0
SpikeRight,384,288,734D838E,0,1,1,4294967295,0,0
SpikeLeft,352,288,6A5B1CEF,0,1,1,4294967295,0,0
SpikeDown,288,288,87DDAE7A,0,1,1,4294967295,0,0
SpikeUp,32,288,38924C9C,0,1,1,4294967295,0,0
SpikeUp,0,288,DEE33C49,0,1,1,4294967295,0,0
SpikeDown,688,320,F83A1014,0,1,1,4294967295,0,0
SpikeRight,624,320,69DFD2C1,0,1,1,4294967295,0,0
SpikeRight,160,320,48609A54,0,1,1,4294967295,0,0
SpikeLeft,96,320,A4025FB3,0,1,1,4294967295,0,0
SpikeLeft,640,352,35797FC5,0,1,1,4294967295,0,0
SpikeDown,32,352,79FDB2DA,0,1,1,4294967295,0,0
SpikeUp,320,352,E102B1C9,0,1,1,4294967295,0,0
SpikeUp,288,352,4EB17159,0,1,1,4294967295,0,0
SpikeUp,688,112,17206647,0,1,1,4294967295,0,0
SpikeUp,656,112,53ACA1CC,0,1,1,4294967295,0,0
SpikeRight,480,112,049A6B82,0,1,1,4294967295,0,0
SpikeLeft,400,112,212A4C94,0,1,1,4294967295,0,0
SpikeLeft,608,64,11EEE000,0,1,1,4294967295,0,0
SpikeRight,736,64,2C622AD9,0,1,1,4294967295,0,0
SpikeUp,192,64,75EE3DBD,0,1,1,4294967295,0,0
SpikeUp,64,64,5CC674D8,0,1,1,4294967295,0,0
SpikeLeft,608,32,BE4C683A,0,1,1,4294967295,0,0
SpikeRight,736,32,1403AE10,0,1,1,4294967295,0,0
SpikeLeft,576,48,B87F0EEB,0,1,1,4294967295,0,0
SpikeRight,768,48,E84EEF76,0,1,1,4294967295,0,0
SpikeLeft,480,48,265BE755,0,1,1,4294967295,0,0
SpikeRight,384,48,E585E58E,0,1,1,4294967295,0,0
SpikeUp,672,80,35968111,0,1,1,4294967295,0,0
SpikeRight,512,80,878C8DBD,0,1,1,4294967295,0,0
SpikeRight,432,80,77E3F345,0,1,1,4294967295,0,0
SpikeLeft,352,80,721E8B58,0,1,1,4294967295,0,0
SpikeDown,752,160,4723B7A9,0,1,1,4294967295,0,0
SpikeUp,736,160,077A30E5,0,1,1,4294967295,0,0
SpikeRight,640,160,A085E192,0,1,1,4294967295,0,0
SpikeLeft,608,160,2B233354,0,1,1,4294967295,0,0
SpikeDown,0,160,E8C06281,0,1,1,4294967295,0,0
SpikeUp,752,128,B0621515,0,1,1,4294967295,0,0
SpikeDown,224,128,627A5407,0,1,1,4294967295,0,0
SpikeDown,32,128,984DF872,0,1,1,4294967295,0,0
SpikeDown,128,128,07EFDF1C,0,1,1,4294967295,0,0
SpikeDown,736,192,03DE5B9F,0,1,1,4294967295,0,0
SpikeLeft,672,192,40A4BE04,0,1,1,4294967295,0,0
SpikeRight,576,192,BD5F9ABD,0,1,1,4294967295,0,0
SpikeLeft,64,192,66780A1E,0,1,1,4294967295,0,0
SpikeRight,96,192,FD6A0A72,0,1,1,4294967295,0,0
SpikeLeft,160,192,A0BDEF4F,0,1,1,4294967295,0,0
SpikeRight,192,192,D6432FDE,0,1,1,4294967295,0,0
SpikeLeft,256,192,964E40C4,0,1,1,4294967295,0,0
SpikeRight,672,176,A3EF90B7,0,1,1,4294967295,0,0
SpikeLeft,640,176,D9077410,0,1,1,4294967295,0,0
SpikeLeft,496,176,9B5EB3AA,0,1,1,4294967295,0,0
SpikeRight,576,224,ECCAC8FC,0,1,1,4294967295,0,0
SpikeLeft,512,224,978A5F57,0,1,1,4294967295,0,0
SpikeRight,608,208,C7AB6914,0,1,1,4294967295,0,0
SpikeRight,240,208,EDE979D3,0,1,1,4294967295,0,0
SpikeLeft,208,208,A110FAC8,0,1,1,4294967295,0,0
SpikeRight,528,144,B466C364,0,1,1,4294967295,0,0
SpikeLeft,448,144,754D6A7C,0,1,1,4294967295,0,0
SpikeRight,432,256,0A998A25,0,1,1,4294967295,0,0
SpikeLeft,400,256,DD193CC2,0,1,1,4294967295,0,0
SpikeUp,16,256,2E1E4ACE,0,1,1,4294967295,0,0
SpikeLeft,256,0,8377AEBE,0,1,1,4294967295,0,0
SpikeRight,320,0,9648552A,0,1,1,4294967295,0,0
SpikeUp,0,0,4C693103,0,1,1,4294967295,0,0
SpikeDown,368,544,853FAC41,0,1,1,4294967295,0,0
SpikeRight,192,544,805C1D04,0,1,1,4294967295,0,0
SpikeLeft,160,544,82FE4188,0,1,1,4294967295,0,0
SpikeRight,96,544,CD3B4C2D,0,1,1,4294967295,0,0
SpikeLeft,64,544,82A465D4,0,1,1,4294967295,0,0
SpikeUp,0,544,C1B8FCDB,0,1,1,4294967295,0,0
SpikeLeft,160,448,2AE2C8D2,0,1,1,4294967295,0,0
SpikeRight,96,448,DF726C03,0,1,1,4294967295,0,0
SpikeRight,32,448,7A8A672C,0,1,1,4294967295,0,0
SpikeLeft,64,448,9A3D5E16,0,1,1,4294967295,0,0
SpikeRight,192,448,E17E6D85,0,1,1,4294967295,0,0
SpikeLeft,256,448,C6E9012E,0,1,1,4294967295,0,0
SpikeUp,64,272,CA1E7DF9,0,1,1,4294967295,0,0
SpikeRight,144,16,E319B63C,0,1,1,4294967295,0,0
SpikeLeft,112,16,D85AC81B,0,1,1,4294967295,0,0
SpikeLeft,160,96,C5E5575A,0,1,1,4294967295,0,0
SpikeRight,96,96,4AED85F7,0,1,1,4294967295,0,0
SpikeUp,464,528,875D3207,0,1,1,4294967295,0,0
SpikeUp,592,528,285FA7DD,0,1,1,4294967295,0,0
genericRainbow,768,480,E27AF356,0,1,1,4294967295,0,0
Block,384,176,2E8385D1,0,1,1,4294967295,0,0
Block,464,400,319892E6,0,1,1,4294967295,0,0
Block,544,240,6486B04D,0,1,1,4294967295,0,0
Block,368,512,FD6402ED,0,1,1,4294967295,0,0
Block,464,432,E3EE9A1B,0,1,1,4294967295,0,0
Block,672,496,704D118D,0,1,1,4294967295,0,0
Block,224,576,7B1AEDBA,0,1,1,4294967295,0,0
Block,32,576,AB387844,0,1,1,4294967295,0,0
Block,0,576,4E3DC456,0,1,1,4294967295,0,0
Block,128,416,94798B33,0,1,1,4294967295,0,0
Block,320,416,A5832F4F,0,1,1,4294967295,0,0
Block,672,384,6B22B0D9,0,1,1,4294967295,0,0
Block,512,336,83AC7D01,0,1,1,4294967295,0,0
Block,544,304,B1E16783,0,1,1,4294967295,0,0
Block,512,304,638C7F56,0,1,1,4294967295,0,0
Block,304,320,9EF0A0AE,0,1,1,4294967295,0,0
Block,128,320,0CCAD3A5,0,1,1,4294967295,0,0
Block,32,320,EB23BFBF,0,1,1,4294967295,0,0
Block,0,320,B4DFF901,0,1,1,4294967295,0,0
Block,672,352,5657D979,0,1,1,4294967295,0,0
Block,0,352,9E365B88,0,1,1,4294967295,0,0
Block,0,64,EA53063A,0,1,1,4294967295,0,0
Block,288,64,CE98C261,0,1,1,4294967295,0,0
Block,0,32,B7857C26,0,1,1,4294967295,0,0
Block,288,32,5CFE701D,0,1,1,4294967295,0,0
Block,288,160,7870823C,0,1,1,4294967295,0,0
Block,288,128,110024A4,0,1,1,4294967295,0,0
Block,0,128,698F3862,0,1,1,4294967295,0,0
Block,704,192,CD21A4A3,0,1,1,4294967295,0,0
Block,288,192,E100F213,0,1,1,4294967295,0,0
Block,576,176,8BA280C0,0,1,1,4294967295,0,0
Block,544,176,24146A11,0,1,1,4294967295,0,0
Block,288,224,B80EAD75,0,1,1,4294967295,0,0
Block,544,208,A251B9D0,0,1,1,4294967295,0,0
Block,128,208,400A2CBD,0,1,1,4294967295,0,0
Block,288,256,549BDD99,0,1,1,4294967295,0,0
Block,288,0,2B150BB9,0,1,1,4294967295,0,0
Block,144,0,DC69A4C7,0,1,1,4294967295,0,0
Block,112,0,E024A57A,0,1,1,4294967295,0,0
Block,128,448,5621FBD6,0,1,1,4294967295,0,0
Block,288,448,8016A294,0,1,1,4294967295,0,0
Block,320,448,52073FD2,0,1,1,4294967295,0,0
Block,544,272,36FC8FE6,0,1,1,4294967295,0,0
Block,320,96,3A8DEC28,0,1,1,4294967295,0,0
Block,288,96,C90F6A34,0,1,1,4294967295,0,0
Block,224,96,F9728730,0,1,1,4294967295,0,0
Block,192,96,75EC73DB,0,1,1,4294967295,0,0
Block,64,96,F24F2642,0,1,1,4294967295,0,0
Block,32,96,C4E316A7,0,1,1,4294967295,0,0
Block,0,96,68F924C2,0,1,1,4294967295,0,0
Block,672,528,7A38AA1F,0,1,0.5,4294967295,0,0
GravityUp,560,560,E472EA08,0,1,1,4294967295,0,0
SaveVeryHard,384,144,1E43222E,0,1,1,4294967295,0,0
PlayerStart,32,64,43AEEC7E,0,1,1,4294967295,0,0
SaveVeryHard,32,64,1920DDF3,0,1,1,4294967295,0,0
SaveVeryHard,32,544,F8556DAE,0,1,1,4294967295,0,0
Warp,528,528,E8EC5092,0,1,1,4294967295,0,1
Item,736,576,1504097F,0,1,1,4294967295,0,1
