SpikeUp,96,496,93DA6576,0,1,1,4294967295,0,0
SpikeUp,64,528,3FA47F38,0,1,1,4294967295,0,0
SpikeUp,192,400,99457D5F,0,1,1,4294967295,0,0
SpikeUp,32,384,72974519,0,1,1,4294967295,0,0
MiniSpikeUp,64,432,A4011338,0,1,1,4294967295,0,0
SpikeUp,96,288,B62A063D,0,1,1,4294967295,0,0
SpikeUp,224,304,8901289C,0,1,1,4294967295,0,0
SpikeLeft,128,240,1D499ECF,0,1,1,4294967295,0,0
SpikeUp,144,320,7FD117B9,0,1,1,4294967295,0,0
SpikeLeft,176,240,A2F4556B,0,1,1,4294967295,0,0
SpikeRight,208,240,E6C3A922,0,1,1,4294967295,0,0
MiniSpikeDown,144,384,0DC8C544,0,1,1,4294967295,0,0
MiniSpikeDown,160,384,08A9EB7E,0,1,1,4294967295,0,0
SpikeUp,288,432,7D2C92F1,0,1,1,4294967295,0,0
SpikeUp,288,240,25508402,0,1,1,4294967295,0,0
SpikeUp,320,240,39E3D526,0,1,1,4294967295,0,0
SpikeRight,320,464,D6A12513,0,1,1,4294967295,0,0
SpikeRight,352,496,CF6E8230,0,1,1,4294967295,0,0
SpikeUp,144,176,5037F12A,0,1,1,4294967295,0,0
SpikeUp,176,144,C1C02FD1,0,1,1,4294967295,0,0
SpikeUp,208,144,80016285,0,1,1,4294967295,0,0
MiniSpikeUp,128,192,D0768D48,0,1,1,4294967295,0,0
MiniSpikeUp,48,240,97F332D5,0,1,1,4294967295,0,0
MiniSpikeUp,0,240,5480D277,0,1,1,4294967295,0,0
SpikeUp,16,224,72AA7ED1,0,1,1,4294967295,0,0
SpikeUp,384,416,BD6B59A3,0,1,1,4294967295,0,0
SpikeUp,448,368,DF36FFB8,0,1,1,4294967295,0,0
SpikeUp,416,528,2EC6F986,0,1,1,4294967295,0,0
MiniSpikeLeft,432,448,814924D6,0,1,1,4294967295,0,0
SpikeUp,496,480,DF800887,0,1,1,4294967295,0,0
SpikeDown,496,512,CF8B34DE,0,1,1,4294967295,0,0
SpikeLeft,512,416,C40C345F,0,1,1,4294967295,0,0
SpikeRight,544,416,BB3232C6,0,1,1,4294967295,0,0
MiniSpikeLeft,544,496,8C0155CC,0,1,1,4294967295,0,0
SpikeUp,560,464,A7DC553C,0,1,1,4294967295,0,0
SpikeLeft,592,544,FE69677C,0,1,1,4294967295,0,0
SpikeLeft,352,160,4D8DD3F9,0,1,1,4294967295,0,0
SpikeUp,384,128,18110BBE,0,1,1,4294967295,0,0
SpikeUp,416,96,089A4E8A,0,1,1,4294967295,0,0
SpikeUp,448,96,843CBF83,0,1,1,4294967295,0,0
SpikeDown,208,496,773A3B46,0,1,1,4294967295,0,0
SpikeUp,656,512,93CC4DDA,0,1,1,4294967295,0,0
SpikeLeft,624,336,FB0DB475,0,1,1,4294967295,0,0
SpikeRight,656,336,AD39D82B,0,1,1,4294967295,0,0
SpikeLeft,624,272,48854543,0,1,1,4294967295,0,0
SpikeRight,656,272,71D18B63,0,1,1,4294967295,0,0
SpikeDown,720,448,D0F2DC09,0,1,1,4294967295,0,0
SpikeUp,624,416,D5CCAA72,0,1,1,4294967295,0,0
SpikeUp,656,416,6C5CC123,0,1,1,4294967295,0,0
MiniSpikeUp,720,368,B52F9712,0,1,1,4294967295,0,0
MiniSpikeUp,736,368,84E3CB17,0,1,1,4294967295,0,0
SpikeLeft,752,312,41E79CD2,0,1,1,4294967295,0,0
SpikeRight,784,312,40617260,0,1,1,4294967295,0,0
SpikeUp,864,360,64023F75,0,1,1,4294967295,0,0
SpikeRight,896,392,CA57709F,0,1,1,4294967295,0,0
MiniSpikeUp,912,464,1AB36B04,0,1,1,4294967295,0,0
MiniSpikeUp,928,464,3B6A8BF3,0,1,1,4294967295,0,0
SpikeUp,944,448,C00DE27E,0,1,1,4294967295,0,0
SpikeLeft,912,496,72EF3844,0,1,1,4294967295,0,0
SpikeRight,944,496,6AD22D80,0,1,1,4294967295,0,0
SpikeUp,896,560,5E8A427C,0,1,1,4294967295,0,0
SpikeUp,976,352,F393A638,0,1,1,4294967295,0,0
SpikeDown,1024,416,86CA8431,0,1,1,4294967295,0,0
SpikeUp,1024,384,1B09179B,0,1,1,4294967295,0,0
SpikeDown,1040,448,EEDA9722,0,1,1,4294967295,0,0
SpikeUp,1040,496,DA177802,0,1,1,4294967295,0,0
SpikeRight,1072,400,70B9B316,0,1,1,4294967295,0,0
SpikeLeft,1104,456,14701469,0,1,1,4294967295,0,0
SpikeLeft,1072,288,70F40EF0,0,1,1,4294967295,0,0
SpikeUp,1040,352,5FB0B718,0,1,1,4294967295,0,0
SpikeRight,1104,472,DF2F5A64,0,1,1,4294967295,0,0
SpikeRight,1152,424,A5A92A29,0,1,1,4294967295,0,0
SpikeLeft,1152,408,E1300CE7,0,1,1,4294967295,0,0
SpikeUp,1152,576,61E65CA9,0,1,1,4294967295,0,0
SpikeUp,1184,504,CCDDACF8,0,1,1,4294967295,0,0
SpikeLeft,1232,496,2C961E71,0,1,1,4294967295,0,0
SpikeLeft,1232,408,B574D367,0,1,1,4294967295,0,0
SpikeLeft,1104,336,D27F9F99,0,1,1,4294967295,0,0
SpikeUp,1264,376,685E68CC,0,1,1,4294967295,0,0
SpikeUp,1296,376,EEF254C5,0,1,1,4294967295,0,0
SpikeRight,1136,264,36A8F35D,0,1,1,4294967295,0,0
SpikeLeft,1104,264,7360E9FE,0,1,1,4294967295,0,0
SpikeLeft,1104,168,859A1872,0,1,1,4294967295,0,0
SpikeUp,880,200,F087219F,0,1,1,4294967295,0,0
SpikeUp,928,200,E7796080,0,1,1,4294967295,0,0
MiniSpikeUp,912,216,82A40C57,0,1,1,4294967295,0,0
SpikeUp,1168,40,B2CE7F63,0,1,1,4294967295,0,0
SpikeRight,1136,184,56374E99,0,1,1,4294967295,0,0
SpikeUp,1056,88,A0E842FC,0,1,1,4294967295,0,0
SpikeDown,1056,120,3F72D796,0,1,1,4294967295,0,0
SpikeDown,1040,64,5E19C4AC,0,1,1,4294967295,0,0
SpikeUp,1040,32,7474360C,0,1,1,4294967295,0,0
SpikeLeft,1232,168,920BA440,0,1,1,4294967295,0,0
SpikeRight,1264,168,4858E208,0,1,1,4294967295,0,0
SpikeUp,1312,40,03C14CB4,0,1,1,4294967295,0,0
SpikeRight,1344,104,9A362AC1,0,1,1,4294967295,0,0
SpikeRight,1376,120,1C495C3D,0,1,1,4294967295,0,0
SpikeLeft,1232,0,4648CB70,0,1,1,4294967295,0,0
SpikeRight,1264,0,349413D1,0,1,1,4294967295,0,0
SpikeUp,1424,88,72AD546D,0,1,1,4294967295,0,0
SpikeDown,1424,0,621D5D18,0,1,1,4294967295,0,0
SpikeUp,1312,256,B3F0A109,0,1,1,4294967295,0,0
MiniSpikeLeft,1408,224,C19FD3E5,0,1,1,4294967295,0,0
SpikeRight,1344,288,E6E8F4B1,0,1,1,4294967295,0,0
SpikeLeft,1424,288,68C3B946,0,1,1,4294967295,0,0
SpikeRight,1456,176,33D1DF96,0,1,1,4294967295,0,0
SpikeUp,1504,200,35601540,0,1,1,4294967295,0,0
SpikeDown,1504,232,BF3CCE3C,0,1,1,4294967295,0,0
SpikeRight,1488,160,38672E4E,0,1,1,4294967295,0,0
SpikeRight,1488,288,F6D593A0,0,1,1,4294967295,0,0
MiniSpikeUp,1472,104,BB9BA431,0,1,1,4294967295,0,0
SpikeUp,1656,312,8489CC35,0,1,1,4294967295,0,0
MiniSpikeUp,1688,528,18E48166,0,1,1,4294967295,0,0
MiniSpikeUp,1704,528,202A39C1,0,1,1,4294967295,0,0
SpikeLeft,1720,432,DCEFC7CD,0,1,1,4294967295,0,0
SpikeUp,1752,368,186DA646,0,1,1,4294967295,0,0
SpikeRight,1784,432,27469290,0,1,1,4294967295,0,0
SpikeUp,1784,368,5C8ABC2D,0,1,1,4294967295,0,0
SpikeLeft,1928,384,1D87B000,0,1,1,4294967295,0,0
MiniSpikeDown,1896,400,109EB4BA,0,1,1,4294967295,0,0
MiniSpikeUp,1896,384,92796079,0,1,1,4294967295,0,0
SpikeUp,1856,240,36063E4B,0,1,1,4294967295,0,0
SpikeUp,1888,240,2C6BEC53,0,1,1,4294967295,0,0
SpikeRight,1928,480,9DCC16B5,0,1,1,4294967295,0,0
SpikeLeft,1896,480,D6796B9D,0,1,1,4294967295,0,0
SpikeLeft,1976,480,9D57C19C,0,1,1,4294967295,0,0
SpikeRight,2008,384,F038EF3C,0,1,1,4294967295,0,0
SpikeDown,2024,512,F31FAA40,0,1,1,4294967295,0,0
MiniSpikeUp,2040,464,C0C2B712,0,1,1,4294967295,0,0
SpikeUp,1960,320,5DCF973F,0,1,1,4294967295,0,0
SpikeUp,1864,400,346DEDE1,0,1,1,4294967295,0,0
MiniSpikeDown,1856,336,F15BBDD5,0,1,1,4294967295,0,0
SpikeLeft,2056,384,DF363559,0,1,1,4294967295,0,0
SpikeUp,2088,288,AB17B547,0,1,1,4294967295,0,0
SpikeDown,2088,224,E7E42055,0,1,1,4294967295,0,0
SpikeUp,1720,216,2AAA6A36,0,1,1,4294967295,0,0
SpikeUp,1752,216,F306106E,0,1,1,4294967295,0,0
SpikeDown,2056,256,E14F60FD,0,1,1,4294967295,0,0
SpikeRight,560,496,F6712CD2,0,1,1,4294967295,0,0
SpikeUp,2056,160,A7BA0A11,0,1,1,4294967295,0,0
SpikeUp,2088,160,AA3AEF9B,0,1,1,4294967295,0,0
MiniSpikeDown,1752,480,18F8CC59,0,1,1,4294967295,0,0
surfaceStE,128,104,81473338,0,1,1,4294967295,0,0
Block,0,560,B424051F,0,4,1.5,4294967295,0,0
Block,64,448,EFB40082,0,2,0.5,4294967295,0,0
Block,96,528,704466E7,0,1,1,4294967295,0,0
Block,192,464,870BC967,0,1,1,4294967295,0,0
Block,208,560,7776EC18,0,1,1.5,4294967295,0,0
Block,192,432,C000248B,0,1,1,4294967295,0,0
Block,224,432,8944C186,0,1,1,4294967295,0,0
Block,32,416,463E5624,0,1,1.5,4294967295,0,0
Block,64,336,73B4D6BD,0,1,0.5,4294967295,0,0
Block,0,288,88873273,0,1,1,4294967295,0,0
Block,0,256,ECC752D4,0,1,1,4294967295,0,0
Block,32,256,BC08DE0B,0,1,1,4294967295,0,0
Block,96,320,3C8DA916,0,1,1,4294967295,0,0
Block,224,368,6FA7D52F,0,1,1,4294967295,0,0
Block,224,400,62E25C4E,0,1,1,4294967295,0,0
Block,160,240,6E2A1BEA,0,0.5,1,4294967295,0,0
Block,256,384,2F4D3B46,0,1,0.5,4294967295,0,0
Block,144,352,5383FC26,0,1,1,4294967295,0,0
Block,288,304,5F57B74F,0,1,1,4294967295,0,0
Block,320,304,5883AB8E,0,1,1,4294967295,0,0
Block,320,336,AED9A19D,0,1,1,4294967295,0,0
Block,288,272,1D5A53D2,0,1,1,4294967295,0,0
Block,320,272,59C20DE3,0,1,1,4294967295,0,0
Block,224,336,31D45A7C,0,1,1,4294967295,0,0
Block,288,464,9FDD419B,0,1,1,4294967295,0,0
Block,288,496,A94BF886,0,1,1,4294967295,0,0
Block,320,496,764D0CBD,0,1,1,4294967295,0,0
Block,256,496,81227BB8,0,1,1,4294967295,0,0
Block,224,496,B28AC61D,0,1,1,4294967295,0,0
Block,224,464,39299CC9,0,1,1,4294967295,0,0
Block,240,528,40610573,0,3.5,2.5,4294967295,0,0
Block,384,288,FB80C635,0,1,1.5,4294967295,0,0
Block,384,336,7AEBA063,0,1,1,4294967295,0,0
Block,416,288,1B7FC115,0,1,1,4294967295,0,0
Block,384,256,D1C3BAE2,0,1,1,4294967295,0,0
Block,416,256,C7D4481B,0,1,1,4294967295,0,0
Block,128,208,46490E9D,0,1,1,4294967295,0,0
Block,160,208,B33D0EB2,0,2.5,1,4294967295,0,0
Block,176,240,EAB1A16E,0,2,0.5,4294967295,0,0
Block,176,176,28C50FB1,0,2,1,4294967295,0,0
Block,384,448,49EC3637,0,1,1,4294967295,0,0
Block,448,400,429F27F5,0,1,1,4294967295,0,0
Block,448,432,4EF96FF8,0,1,1,4294967295,0,0
Block,416,560,048419BC,0,1,1,4294967295,0,0
Block,448,464,30CAEF22,0,1,1,4294967295,0,0
BlockUnstable,512,560,26FD84D6,0,0.5,1.5,4294967295,0,0
Block,560,496,CDA1816B,0,1,0.5,4294967295,0,0
Block,592,560,0BFD4255,0,1,1.5,4294967295,0,0
Block,624,544,D4CCAC9A,0,1,2,4294967295,0,0
Block,416,224,9DCC7049,0,1,1,4294967295,0,0
Block,416,192,8BA57170,0,1,1,4294967295,0,0
Block,416,160,2723A949,0,1,1,4294967295,0,0
Block,384,160,EBA7C225,0,1,1,4294967295,0,0
Block,416,128,26B3920F,0,1,1,4294967295,0,0
Block,448,128,FD6038DD,0,1,4,4294967295,0,0
Block,624,448,81DB3406,0,1,1,4294967295,0,0
Block,656,448,7CA13C9B,0,1,1,4294967295,0,0
Block,656,544,CD91E466,0,1,1,4294967295,0,0
Block,720,416,9292B6FA,0,1,1,4294967295,0,0
Block,720,384,D4FA8088,0,1,1,4294967295,0,0
Block,768,456,A27CC30C,0,1,5,4294967295,0,0
Block,624,320,6934E488,0,1,1,4294967295,0,0
Block,656,320,8647494E,0,1,1,4294967295,0,0
Block,624,288,BCF5D756,0,1,1,4294967295,0,0
Block,656,288,0855DB5D,0,1,1,4294967295,0,0
Block,768,424,B3FEACCD,0,1,1,4294967295,0,0
Block,592,312,9FFC2895,0,1,0.5,4294967295,0,0
Block,0,528,790F1A21,0,1,1,4294967295,0,0
Block,784,0,034C5432,0,1,10.25,4294967295,0,0
Block,800,424,AAFD9A32,0,1,5.75,4294967295,0,0
Block,832,424,D3234D3A,0,1,4.75,4294967295,0,0
Block,864,392,57C5D6DA,0,1,1,4294967295,0,0
Block,864,424,741ABD7E,0,1,1,4294967295,0,0
Block,864,456,DDC7DDA2,0,1,1,4294967295,0,0
Block,864,488,61D68524,0,1,1,4294967295,0,0
Block,912,304,327B487D,0,0.5,1,4294967295,0,0
Block,928,304,A38EC4EA,0,1,1,4294967295,0,0
Block,912,480,95F68D0D,0,0.5,1,4294967295,0,0
Block,880,304,BF0CA4C1,0,1,0.5,4294967295,0,0
Block,928,480,E2815806,0,1.5,0.5,4294967295,0,0
Block,928,496,22962AAE,0,1.5,0.5,4294967295,0,0
Block,864,520,8CCDC37B,0,0.5,1.75,4294967295,0,0
Block,896,592,1EE3C03A,0,1,1,4294967295,0,0
Block,976,416,254487BA,0,1,1,4294967295,0,0
Block,976,384,F87F61BA,0,1,1,4294967295,0,0
Block,1040,384,E164F6CD,0,1,1,4294967295,0,0
Block,1040,416,4C7AE2E2,0,1,1,4294967295,0,0
Block,1040,528,C8F757DB,0,1,1,4294967295,0,0
Block,1040,560,B5B81ED3,0,1,1,4294967295,0,0
Block,1104,320,C040CF7A,0,1,1,4294967295,0,0
Block,1136,320,B54F0FFC,0,1,1,4294967295,0,0
Block,1136,352,791112B5,0,1,1,4294967295,0,0
Block,1104,280,1938CFC7,0,1,1.25,4294967295,0,0
Block,1136,280,C3D07C38,0,1,1.25,4294967295,0,0
Block,1104,536,5AC3290E,0,1,1,4294967295,0,0
Block,1184,536,052C75B6,0,1,1,4294967295,0,0
Block,1184,568,9C5EC1DF,0,1,1.25,4294967295,0,0
Block,1184,408,3C2991D1,0,1,1,4294967295,0,0
Block,1264,496,BD72E0CA,0,1,1,4294967295,0,0
Block,1264,528,FC0A6BD0,0,1,1,4294967295,0,0
Block,1264,408,D90F857B,0,1,1,4294967295,0,0
Block,1296,408,AFC56B1A,0,1,1,4294967295,0,0
Block,1168,328,909B9914,0,1.5,0.5,4294967295,0,0
Block,1152,384,1894AD6C,0,0.5,1.25,4294967295,0,0
Block,880,232,D089B9AB,0,2.5,2.25,4294967295,0,0
Block,1104,104,78A4030D,0,1,0.5,4294967295,0,0
Block,1120,72,F29B9CF1,0,2.5,1,4294967295,0,0
Block,1104,72,C4346BE1,0,0.5,1,4294967295,0,0
Block,1312,72,A0A1D963,0,1,1,4294967295,0,0
Block,1312,104,C0340BDF,0,1,1.5,4294967295,0,0
Block,1344,120,BBB83B2A,0,1,1,4294967295,0,0
Block,1232,-16,20754BC2,0,1,1,4294967295,0,0
Block,1264,-16,CE45A3B1,0,1,1,4294967295,0,0
Block,1312,152,1BDBEF5C,0,2,1.75,4294967295,0,0
Block,1424,120,A8C51A38,0,1,1,4294967295,0,0
Block,1424,152,23FE8678,0,1,1,4294967295,0,0
Block,1424,184,26DA7297,0,1,0.75,4294967295,0,0
Block,1456,120,8E7F0466,0,1,2.25,4294967295,0,0
Block,1312,288,0E76859B,0,1,1,4294967295,0,0
Block,1424,208,F8274F6C,0,1,1,4294967295,0,0
Block,1456,288,7EE2B241,0,1,1,4294967295,0,0
Block,1584,0,8E52F30A,0,1,10,4294967295,0,0
Block,1584,376,1EDEA5A7,0,1,7.25,4294967295,0,0
Block,1488,0,B6BB84F6,0,1,5.5,4294967295,0,0
Block,1616,376,0F90DF69,0,2.25,2.25,4294967295,0,0
Block,1656,344,4486760D,0,1,1,4294967295,0,0
Block,1720,280,6376FC00,0,1,1,4294967295,0,0
Block,1720,248,6DEA4D24,0,1,1,4294967295,0,0
Block,1656,544,42191F29,0,1,2,4294967295,0,0
Block,1688,544,B3C85C65,0,1,2,4294967295,0,0
Block,1752,432,43551B7B,0,1,1,4294967295,0,0
Block,1752,400,762705BD,0,1,1,4294967295,0,0
Block,1784,400,A5B854B7,0,1,1,4294967295,0,0
Block,1864,432,6FFB7559,0,1,1,4294967295,0,0
Block,1856,304,E25A5100,0,1,1,4294967295,0,0
Block,1888,304,9A475A2E,0,1,1,4294967295,0,0
Block,1856,272,A97C9C18,0,1,1,4294967295,0,0
Block,1888,272,1DDA3A2E,0,1,1,4294967295,0,0
Block,1960,384,C18C15B0,0,1,1,4294967295,0,0
Block,1992,384,583B3735,0,0.5,1,4294967295,0,0
Block,2008,480,6B8A0ED8,0,1.5,1,4294967295,0,0
Block,1960,352,1F7FBD6A,0,1,1,4294967295,0,0
Block,2088,384,8E077771,0,1,1,4294967295,0,0
Block,2088,352,96D0496A,0,1,1,4294967295,0,0
Block,2088,320,47D01B67,0,1,1,4294967295,0,0
Block,2120,320,6A42C029,0,1,1,4294967295,0,0
Block,2120,352,FC8962DB,0,1,1,4294967295,0,0
Block,2120,384,B8138E5E,0,1,1,4294967295,0,0
Block,1752,248,EC4D818F,0,1,1,4294967295,0,0
Block,2088,192,3BACEBB5,0,1,1,4294967295,0,0
Block,2056,192,D0E926B4,0,1,1,4294967295,0,0
Block,2056,224,699B0BD0,0,1,1,4294967295,0,0
Block,2120,192,C8AC433D,0,1,1,4294967295,0,0
Block,2152,192,79195D6A,0,1,1,4294967295,0,0
Block,1752,464,276C33F1,0,0.5,0.5,4294967295,0,0
Block,1976,496,F8944E14,0,1,0.5,4294967295,0,0
VineLeft,384,448,201B06A9,0,1,1,4294967295,0,0
VineLeft,656,320,4C8D4C2B,0,1,1,4294967295,0,0
VineLeft,944,480,CE3D0504,0,1,1,4294967295,0,0
VineRight,1312,72,D4F33362,0,1,1,4294967295,0,0
VineRight,1656,544,1BE79369,0,1,1,4294967295,0,0
VineRight,1656,576,88E07BD4,0,1,1,4294967295,0,0
SaveHard,32,528,9E6F7117,0,1,1,4294967295,0,0
PlayerStart,32,528,650C384E,0,1,1,4294967295,0,0
PlatformTouch,168,272,2FD3F781,0,1,1,4294967295,0,0
JumpRefresherEX,368,336,6ABEE031,0,1,1,4294967295,0,0
JumpRefresherEX,368,304,F08618C1,0,1,1,4294967295,0,0
Cherry,448,352,56BB51E8,0,1,1,4294967295,0,0
JumpRefresherEX,704,528,264FB081,0,1,1,4294967295,0,0
PlatformTouch,592,448,1277C8DB,0,1,1,4294967295,0,0
Cherry,736,352,2CDC1FFB,0,1,1,4294967295,0,0
JumpRefresherEX,704,256,6BEF6818,0,1,1,4294967295,0,0
Cherry,704,288,084FE9D3,0,1,1,4294967295,0,0
Cherry,576,296,41145BC2,0,1,1,4294967295,0,0
Cherry,16,440,7EA5BBE9,0,1,1,4294967295,0,0
Camera,224,104,979401AA,0,1,1,4294967295,0,1
JumpRefresherEX,992,568,7D4F084F,0,1,1,4294967295,0,0
JumpRefresherEX,992,592,703A13F3,0,1,1,4294967295,0,0
JumpRefresherEX,992,544,D391AC01,0,1,1,4294967295,0,0
PlatformTouch,1104,200,A71DC666,0,1,1,4294967295,0,0
Cherry,1216,88,6D88D96D,0,1,1,4294967295,0,0
JumpRefresherEX,1184,192,039DD13B,0,1,1,4294967295,0,0
JumpRefresherEX,1184,168,71AAD1F9,0,1,1,4294967295,0,0
Cherry,1184,224,2A0831A9,0,1,1,4294967295,0,0
Cherry,1200,248,99C5BED2,0,1,1,4294967295,0,0
Cherry,1216,272,4BFBBDA1,0,1,1,4294967295,0,0
Cherry,1232,248,A3742415,0,1,1,4294967295,0,0
Cherry,1248,224,28B7635A,0,1,1,4294967295,0,0
Cherry,1232,120,023D29F1,0,1,1,4294967295,0,0
Cherry,1248,152,E78BD0E2,0,1,1,4294967295,0,0
PlatformTouch,1392,152,0F33EB82,0,0.5,3.5,4294967295,0,0
JumpRefresherEX,1420,24,3C48C4E8,0,1,1,4294967295,0,0
Cherry,1248,288,7645D5E6,0,1,1,4294967295,0,0
Cherry,1264,320,E430413D,0,1,1,4294967295,0,0
Cherry,1280,352,62659ABB,0,1,1,4294967295,0,0
Cherry,1392,224,9B31578E,0,1,1,4294967295,0,0
JumpRefresherEX,1400,320,F99A8059,0,1,1,4294967295,0,0
Cherry,1528,280,FEF15515,0,1,1,4294967295,0,0
Cherry,1536,184,6D33079A,0,1,1,4294967295,0,0
Cherry,1704,296,DE315C45,0,1,1,4294967295,0,0
Cherry,1688,512,1E3555CB,0,1,1,4294967295,0,0
PlatformTouch,1768,464,131E80A4,0,1.5,1,4294967295,0,0
Cherry,1784,352,1703BA66,0,1,1,4294967295,0,0
PlatformTouch,1976,512,C2562789,0,1,2,4294967295,0,0
Cherry,1944,320,93DF72CB,0,1,1,4294967295,0,0
Warp,2120,160,DB8B4F68,0,1,1,4294967295,0,0
SaveHard,208,528,7921D134,0,1,1,4294967295,0,0
SaveHard,384,224,AC80311A,0,1,1,4294967295,0,0
SaveHard,832,392,C355B122,0,1,1,4294967295,0,0
SaveHard,1184,296,A3326BBB,0,1,1,4294967295,0,0
SaveHard,1624,344,1D7CBEED,0,1,1,4294967295,0,0
SaveHard,2120,288,14A2AE55,0,1,1,4294967295,0,0
Item,2184,192,5BDCFA9A,0,1,1,4294967295,0,1
WaterDream,96,464,EAF17FE1,0,3,2,4294967295,0,0
WaterDream,192,496,C7EC44C9,0,1,1,4294967295,0,0
WaterDream,32,288,7A14F97A,0,1,4,4294967295,0,0
WaterDream,128,256,FF0CFC54,0,1,1,4294967295,0,0
WaterDream,128,288,01572CD7,0,1,1,4294967295,0,0
WaterDream,128,320,BFA31EB5,0,1,1,4294967295,0,0
WaterDream,160,272,6EA69A21,0,0.5,2.5,4294967295,0,0
WaterDream,288,336,0E5CCEEC,0,1,4,4294967295,0,0
WaterDream,384,368,D121823E,0,1,2.5,4294967295,0,0
WaterDream,448,496,73BD259E,0,1,3.5,4294967295,0,0
WaterDream,512,432,D39D09F1,0,0.5,2.5,4294967295,0,0
WaterDream,624,480,0B377D60,0,2,2,4294967295,0,0
WaterDream,624,352,73377196,0,2,3,4294967295,0,0
WaterDream,880,320,920FA0D2,0,0.5,2.25,4294967295,0,0
WaterDream,896,320,40A57CDE,0,0.5,2.75,4294967295,0,0
WaterDream,896,408,4A441E92,0,0.5,3.25,4294967295,0,0
WaterDream,912,336,B2A33FB0,0,1.5,4.5,4294967295,0,0
WaterDream,944,512,CE930145,0,1,3,4294967295,0,0
WaterDream,1072,384,C2A4D828,0,1,2,4294967295,0,0
WaterDream,1104,352,8F4F8075,0,1,3.75,4294967295,0,0
WaterDream,1104,488,EFF8EFC9,0,1,1.5,4294967295,0,0
WaterDream,1152,440,5EA644CB,0,1,5.25,4294967295,0,0
WaterDream,1184,440,70FA456C,0,1,3,4294967295,0,0
WaterDream,1232,424,B6B03DB6,0,1,2.75,4294967295,0,0
WaterDream,1216,424,175E51AC,0,0.5,3.5,4294967295,0,0
WaterDream,1232,512,7FA2BFC2,0,1,0.75,4294967295,0,0
WaterDream,1264,440,045CE653,0,1,1.75,4294967295,0,0
WaterDream,1184,344,3D0FBFCB,0,1,2,4294967295,0,0
WaterDream,1104,120,5076A037,0,1,3,4294967295,0,0
WaterDream,1136,104,C139885F,0,1,3,4294967295,0,0
WaterDream,1344,0,702F7BEB,0,2,3.75,4294967295,0,0
WaterDream,1376,120,2E0CE09B,0,1,0.5,4294967295,0,0
WaterDream,1424,240,E415F291,0,1,2,4294967295,0,0
WaterDream,1456,192,A4848E61,0,1,3,4294967295,0,0
WaterDream,1440,0,93943FD7,0,0.5,3.75,4294967295,0,0
WaterDream,1616,312,A137698B,0,1.25,2,4294967295,0,0
WaterDream,1656,312,B7606F31,0,0.5,1,4294967295,0,0
WaterDream,1584,320,0CF05A4F,0,1,1.75,4294967295,0,0
WaterDream,1656,448,A19A59B5,0,1,3,4294967295,0,0
WaterDream,1864,336,2548949B,0,1,3,4294967295,0,0
WaterDream,1928,400,66AE267A,0,1,3,4294967295,0,0
WaterDream,2008,400,0AD10B98,0,1,2.5,4294967295,0,0
WaterDream,1976,512,CAC54224,0,1,3.5,4294967295,0,0
WaterDream,1896,336,35DE60CA,0,0.5,2,4294967295,0,0
WaterDream,1752,480,6CFA500A,0,0.5,4,4294967295,0,0
