SpikeLeft,192,144,04642E7F,0,1,1,4294967295,0,0
SpikeUp,272,160,C9EF43E8,0,1,1,4294967295,0,0
SpikeUp,304,160,959C4A2A,0,1,1,4294967295,0,0
SpikeUp,288,128,EB3DC86D,0,1,1,4294967295,0,0
SpikeUp,240,16,51207C9F,0,1,1,4294967295,0,0
SpikeDown,240,112,167FEEE3,0,1,1,4294967295,0,0
SpikeUp,208,16,2B30DEFE,0,1,1,4294967295,0,0
SpikeDown,208,112,D28EC2FF,0,1,1,4294967295,0,0
KillerBlock,0,528,47B78685,0,25,2.5,4294967295,0,1
SpikeLeft,256,368,FFA7608D,0,1,1,4294967295,0,0
SpikeRight,224,368,36B3DF03,0,1,1,4294967295,0,0
SpikeUp,288,336,641E7666,0,1,1,4294967295,0,0
SpikeDown,304,336,37C5583F,0,1,1,4294967295,0,0
SpikeUp,304,240,F61D6505,0,1,1,4294967295,0,0
SpikeDown,320,240,E7BFB99C,0,1,1,4294967295,0,0
SpikeRight,352,368,AD15C7D3,0,1,1,4294967295,0,0
SpikeUp,384,352,24E05089,0,1,1,4294967295,0,0
SpikeLeft,352,224,BDE119FF,0,1,1,4294967295,0,0
SpikeRight,416,448,9A005027,0,1,1,4294967295,0,0
SpikeLeft,448,408,1DF7015E,0,1,1,4294967295,0,0
SpikeDown,384,480,7A3E1AB1,0,1,1,4294967295,0,0
SpikeDown,480,440,771811DC,0,1,1,4294967295,0,0
SpikeRight,512,408,4E2A5FE3,0,1,1,4294967295,0,0
MiniSpikeUp,480,472,C26A71FB,0,1,1,4294967295,0,0
SpikeLeft,544,472,217746A4,0,1,1,4294967295,0,0
SpikeUp,576,408,E87E9873,0,1,1,4294967295,0,0
MiniSpikeLeft,40,184,2F1F8D27,0,1,1,4294967295,0,0
MiniSpikeRight,56,184,AAD94223,0,1,1,4294967295,0,0
MiniSpikeRight,40,120,E4694D8B,0,1,1,4294967295,0,0
MiniSpikeLeft,24,120,5EC98225,0,1,1,4294967295,0,0
SpikeRight,448,344,AAD9CC46,0,1,1,4294967295,0,0
SpikeLeft,512,344,2EF26F2E,0,1,1,4294967295,0,0
MiniSpikeLeft,432,360,8621AC20,0,1,1,4294967295,0,0
MiniSpikeLeft,432,344,6F296880,0,1,1,4294967295,0,0
MiniSpikeRight,544,344,787FC50B,0,1,1,4294967295,0,0
MiniSpikeRight,544,360,0F6A899F,0,1,1,4294967295,0,0
SpikeLeft,32,352,278F0375,0,1,1,4294967295,0,0
SpikeRight,64,352,DCCA3010,0,1,1,4294967295,0,0
SpikeUp,80,368,ACAD3B41,0,1,1,4294967295,0,0
SpikeDown,80,400,58EE79C3,0,1,1,4294967295,0,0
SpikeRight,64,416,EF48BABF,0,1,1,4294967295,0,0
SpikeLeft,32,416,93E1AFA3,0,1,1,4294967295,0,0
SpikeDown,16,400,D5FC7C2D,0,1,1,4294967295,0,0
SpikeUp,16,368,BAFC6089,0,1,1,4294967295,0,0
MiniSpikeRight,704,376,13C9B763,0,1,1,4294967295,0,0
MiniSpikeRight,704,328,BF74A399,0,1,1,4294967295,0,0
SpikeLeft,672,344,D74149BA,0,1,1,4294967295,0,0
SpikeDown,656,272,BAA70CEA,0,1,1,4294967295,0,0
SpikeUp,656,192,65025E0C,0,1,1,4294967295,0,0
SpikeRight,624,208,70E154CA,0,1,1,4294967295,0,0
SpikeLeft,688,208,0F48273A,0,1,1,4294967295,0,0
SpikeRight,752,208,372AE634,0,1,1,4294967295,0,0
SpikeLeft,752,192,143E4106,0,1,1,4294967295,0,0
SpikeRight,640,0,5E08D40A,0,1,1,4294967295,0,0
SpikeUp,656,64,4CF5AA90,0,1,1,4294967295,0,0
SpikeLeft,672,0,B14EF0A4,0,1,1,4294967295,0,0
SpikeDown,656,96,E1507215,0,1,1,4294967295,0,0
SpikeUp,608,104,733B1BBC,0,1,1,4294967295,0,0
SpikeLeft,576,136,0DDED1F8,0,1,1,4294967295,0,0
SpikeLeft,544,64,164868A9,0,1,1,4294967295,0,0
SpikeRight,544,176,5C8BBFD4,0,1,1,4294967295,0,0
SpikeUp,784,160,F5A2ADF9,0,1,1,4294967295,0,0
SpikeUp,576,32,56F8E739,0,1,1,4294967295,0,0
SpikeLeft,448,240,7453CBDA,0,1,1,4294967295,0,0
SpikeUp,368,256,486BB371,0,1,1,4294967295,0,0
SpikeDown,592,240,9E9322C8,0,1,1,4294967295,0,0
SpikeLeft,560,240,858B0362,0,1,1,4294967295,0,0
SpikeRight,480,128,8283A3E9,0,1,1,4294967295,0,0
SpikeRight,448,144,13A4B4CE,0,1,1,4294967295,0,0
SpikeLeft,480,224,4AA1751E,0,1,1,4294967295,0,0
MiniSpikeRight,496,320,604465A2,0,1,1,4294967295,0,0
MiniSpikeLeft,480,320,8F314737,0,1,1,4294967295,0,0
SpikeLeft,512,0,88CCF0EC,0,1,1,4294967295,0,0
SpikeLeft,384,144,0C5321E2,0,1,1,4294967295,0,0
SpikeLeft,352,128,46954DE6,0,1,1,4294967295,0,0
SpikeLeft,304,112,ACB79F86,0,1,1,4294967295,0,0
SpikeRight,336,112,E67B57EB,0,1,1,4294967295,0,0
Block,240,448,B9974D73,0,1,1,4294967295,0,0
Block,304,192,5A78CD5D,0,1,1,4294967295,0,0
Block,272,192,4C9FB4B9,0,1,1,4294967295,0,0
Block,160,128,5E56F7D9,0,1,1,4294967295,0,0
Block,128,128,DFE949EA,0,1,1,4294967295,0,0
Block,240,480,E26D906B,0,1,1,4294967295,0,0
Block,272,480,B343D36A,0,1,1,4294967295,0,0
Block,480,488,5F00711C,0,1,1,4294967295,0,0
Block,576,440,726B5C0C,0,1,1,4294967295,0,0
Block,576,472,7223640E,0,1,1,4294967295,0,0
Block,608,472,102E4FA1,0,1,1,4294967295,0,0
Block,640,472,B6411EAF,0,1,1,4294967295,0,0
Block,672,360,1F0942D6,0,1,1,4294967295,0,0
Block,704,0,A2407B09,0,1,1,4294967295,0,0
Block,608,0,DFEEC394,0,1,1,4294967295,0,0
Block,608,136,3EC3F58A,0,1,1,4294967295,0,0
Block,608,176,AB0B0682,0,1,1,4294967295,0,0
Block,576,0,EC9BCE41,0,1,1,4294967295,0,0
Block,544,0,EDF25E6E,0,1,1,4294967295,0,0
Block,784,192,19AAAD0C,0,1,1,4294967295,0,0
Block,608,32,2B6E6A0D,0,1,1,4294967295,0,0
Block,480,256,49818630,0,1,1,4294967295,0,0
Block,480,288,73D437CC,0,1,1,4294967295,0,0
levis_BorderTile,0,0,91B00157,0,1,1,4294967295,0,0
Cherry,144,160,0AA408FA,0,1,1,4294967295,0,0
Cherry,176,160,6C9CCE27,0,1,1,4294967295,0,0
Cherry,112,112,97317B3C,0,1,1,4294967295,0,0
Cherry,64,16,89F74D82,0,1,1,4294967295,0,0
Cherry,80,48,958D2567,0,1,1,4294967295,0,0
Cherry,96,80,0020B495,0,1,1,4294967295,0,0
Cherry,80,256,EFF4F89F,0,1,1,4294967295,0,0
Cherry,96,240,DDCC38A1,0,1,1,4294967295,0,0
Cherry,112,224,6A1AE76F,0,1,1,4294967295,0,0
Cherry,128,288,DE04F48E,0,1,1,4294967295,0,0
Cherry,160,224,9C5007A3,0,1,1,4294967295,0,0
Cherry,176,256,E2CE364B,0,1,1,4294967295,0,0
Cherry,192,288,DF477F36,0,1,1,4294967295,0,0
Cherry,208,192,1EF5F73E,0,1,1,4294967295,0,0
Cherry,224,224,10022B05,0,1,1,4294967295,0,0
Cherry,240,256,4E49A270,0,1,1,4294967295,0,0
Cherry,256,288,9EC20AA5,0,1,1,4294967295,0,0
SaveBlocker,200,96,8B969EBB,0,1,1,4294967295,0,0
SaveBlocker,96,96,BEF014AF,0,1,1,4294967295,0,0
PlayerStart,128,96,6A2DCBE7,0,1,1,4294967295,0,0
SaveVeryHard,128,96,3521319B,0,1,1,4294967295,0,0
Cherry,144,320,A7F5F219,0,1,1,4294967295,0,0
Cherry,208,320,D595D3E0,0,1,1,4294967295,0,0
Cherry,224,352,15392E6B,0,1,1,4294967295,0,0
Cherry,160,352,A84BA1CB,0,1,1,4294967295,0,0
Cherry,208,384,5EE5CF0E,0,1,1,4294967295,0,0
Cherry,144,384,BB6E57D1,0,1,1,4294967295,0,0
Cherry,248,448,B1CF57FF,0,1,1,4294967295,0,0
Cherry,264,448,94272EA9,0,1,1,4294967295,0,0
Cherry,304,384,4553554C,0,1,1,4294967295,0,0
Cherry,304,480,0516B48C,0,1,1,4294967295,0,0
Cherry,128,432,2D2C4192,0,1,1,4294967295,0,0
Cherry,112,480,3DBA81F8,0,1,1,4294967295,0,0
Cherry,320,384,D1F64EEF,0,1,1,4294967295,0,0
Cherry,336,384,C35DBD09,0,1,1,4294967295,0,0
Cherry,320,320,CADA91F9,0,1,1,4294967295,0,0
Cherry,320,304,67F30E07,0,1,1,4294967295,0,0
Cherry,320,288,CCBF16D9,0,1,1,4294967295,0,0
Cherry,400,432,B44B96CD,0,1,1,4294967295,0,0
Cherry,400,464,63A10B7B,0,1,1,4294967295,0,0
Cherry,320,496,46B6EBFA,0,1,1,4294967295,0,0
Cherry,336,480,4A4CF3EA,0,1,1,4294967295,0,0
Cherry,368,480,C35E8874,0,1,1,4294967295,0,0
Cherry,352,496,4ABAEB25,0,1,1,4294967295,0,0
Cherry,400,448,7B80BA0A,0,1,1,4294967295,0,0
Cherry,496,360,A9F6CEA8,0,1,1,4294967295,0,0
SaveVeryHard,608,440,BE8E0CFE,0,1,1,4294967295,0,0
Cherry,176,480,4E6EF4A2,0,1,1,4294967295,0,0
Cherry,144,480,C96D743D,0,1,1,4294967295,0,0
SaveBlocker,680,440,9F87B9D6,0,1,1,4294967295,0,0
Cherry,652,360,0CF127E9,0,1,1,4294967295,0,0
Cherry,628,344,D05B25C7,0,1,1,4294967295,0,0
Cherry,604,328,600B1B45,0,1,1,4294967295,0,0
Cherry,608,224,A57D5534,0,1,1,4294967295,0,0
Cherry,736,144,97008274,0,1,1,4294967295,0,0
Cherry,712,144,332BD8E3,0,1,1,4294967295,0,0
Cherry,736,80,FE210BE6,0,1,1,4294967295,0,0
Cherry,760,80,C098F16E,0,1,1,4294967295,0,0
Cherry,544,152,86209D5D,0,1,1,4294967295,0,0
Cherry,544,128,823E6D87,0,1,1,4294967295,0,0
Cherry,544,104,8A0AA670,0,1,1,4294967295,0,0
Warp,336,272,23D8949D,0,1,1,4294967295,0,1
CherryWater,80,296,41700DE6,0,1,1,4294967295,0,0
CherryWater,160,288,36A87D8E,0,1,1,4294967295,0,0
CherryWater,224,288,18F9578D,0,1,1,4294967295,0,0
CherryWater,192,224,05F54962,0,1,1,4294967295,0,0
CherryWater,64,240,745715BE,0,1,1,4294967295,0,0
CherryWater,48,224,1404E420,0,1,1,4294967295,0,0
CherryWaterRefreshing,48,160,A909D084,0,1,1,4294967295,0,0
Water,208,48,C8CAF925,0,2,2,4294967295,0,0
CherryWaterCatharsis,448,444,CD4A6484,0,1,1,4294967295,0,0
CherryWaterRefreshing,436,500,1B0A610D,0,1,1,4294967295,0,0
CherryWater,496,424,8C49C36E,0,1,1,4294967295,0,0
CherryWaterCatharsis,176,320,BC65F9C1,0,1,1,4294967295,0,0
CherryWaterCatharsis,176,384,08DC5BE6,0,1,1,4294967295,0,0
CherryWaterCatharsis,192,352,B79A88E2,0,1,1,4294967295,0,0
CherryWaterCatharsis,540,456,73B1806A,0,1,1,4294967295,0,0
Water,704,336,95A31F66,0,0.5,1.5,4294967295,0,0
Water,672,344,4A0C7715,0,1,0.5,4294967295,0,0
CherryWaterRefreshing,672,248,0F5A8162,0,1,1,4294967295,0,0
CherryWater,736,224,10AF38C6,0,1,1,4294967295,0,0
CherryWater,736,176,D8C4022B,0,1,1,4294967295,0,0
CherryWater,768,128,3B27C876,0,1,1,4294967295,0,0
CherryWater,736,112,F4CB9E24,0,1,1,4294967295,0,0
CherryWater,704,96,5A0D680A,0,1,1,4294967295,0,0
WaterRefreshing,656,96,B8B8DB13,0,0.5,1,4294967295,0,0
WaterCatharsis,544,32,91653211,0,2,5.5,4294967295,0,0
CherryWaterCatharsis,496,192,72C4E738,0,1,1,4294967295,0,0
CherryWaterCatharsis,464,208,B89780DC,0,1,1,4294967295,0,0
Water,448,256,5E16FD83,0,1,2,4294967295,0,0
WaterCatharsis,608,168,B47E34A9,0,1,0.25,4294967295,0,0
WaterCatharsis,608,64,3E7EF82F,0,0.5,2.25,4294967295,0,0
CherryWaterCatharsis,384,304,D5AF213B,0,1,1,4294967295,0,0
CherryWaterCatharsis,400,336,00495E3F,0,1,1,4294967295,0,0
Water,384,224,1ABB693F,0,0.5,2,4294967295,0,0
CherryWaterRefreshing,432,160,0B2144F3,0,1,1,4294967295,0,0
CherryWater,648,304,CD2AE249,0,1,1,4294967295,0,0
