SpikeDown,128,336,B93CD3A4,0,1,1,4294967295,0,0
SpikeLeft,160,336,D4D6FBF5,0,1,1,4294967295,0,0
SpikeRight,224,336,11BC08EC,0,1,1,4294967295,0,0
SpikeRight,368,336,911DFC25,0,1,1,4294967295,0,0
SpikeLeft,336,336,1D6889BF,0,1,1,4294967295,0,0
SpikeUp,608,336,3EAA2CF7,0,1,1,4294967295,0,0
SpikeUp,176,432,81DA339F,0,1,1,4294967295,0,0
SpikeDown,192,432,E5FDA715,0,1,1,4294967295,0,0
SpikeUp,736,432,AA91E07D,0,1,1,4294967295,0,0
SpikeRight,320,544,02764F3D,0,1,1,4294967295,0,0
SpikeLeft,192,544,4B67FA5E,0,1,1,4294967295,0,0
SpikeRight,128,576,F0E94A2F,0,1,1,4294967295,0,0
SpikeDown,176,464,3CC68A06,0,1,1,4294967295,0,0
SpikeLeft,704,464,DA3D5438,0,1,1,4294967295,0,0
SpikeDown,736,496,7C22B1C3,0,1,1,4294967295,0,0
SpikeRight,528,512,99A8AA17,0,1,1,4294967295,0,0
SpikeLeft,464,512,95BD08F4,0,1,1,4294967295,0,0
SpikeLeft,624,512,9D28CE42,0,1,1,4294967295,0,0
SpikeRight,688,512,ED287908,0,1,1,4294967295,0,0
SpikeUp,256,480,F3470B6A,0,1,1,4294967295,0,0
SpikeDown,640,400,43D31DA3,0,1,1,4294967295,0,0
SpikeDown,80,304,FA997F8A,0,1,1,4294967295,0,0
SpikeUp,64,304,24A72D21,0,1,1,4294967295,0,0
SpikeDown,112,304,BF68931E,0,1,1,4294967295,0,0
SpikeUp,128,304,9284BD25,0,1,1,4294967295,0,0
SpikeLeft,368,320,D5EC29B7,0,1,1,4294967295,0,0
SpikeLeft,672,320,32A51136,0,1,1,4294967295,0,0
SpikeLeft,288,352,555792A9,0,1,1,4294967295,0,0
SpikeRight,320,352,A2EAFA08,0,1,1,4294967295,0,0
SpikeLeft,368,352,42ED4C62,0,1,1,4294967295,0,0
SpikeDown,560,352,78B9DEEE,0,1,1,4294967295,0,0
SpikeDown,560,256,4C086094,0,1,1,4294967295,0,0
SpikeDown,448,256,2348415A,0,1,1,4294967295,0,0
SpikeRight,160,112,E214442C,0,1,1,4294967295,0,0
SpikeLeft,128,112,819C3CBF,0,1,1,4294967295,0,0
SpikeDown,624,112,E00D3B0E,0,1,1,4294967295,0,0
SpikeUp,640,112,A6C832AF,0,1,1,4294967295,0,0
SpikeRight,560,96,B9BBF40E,0,1,1,4294967295,0,0
SpikeLeft,464,96,0F0A373B,0,1,1,4294967295,0,0
SpikeRight,432,96,599083C0,0,1,1,4294967295,0,0
SpikeLeft,368,96,D5F6F38F,0,1,1,4294967295,0,0
SpikeUp,256,96,BB714A4F,0,1,1,4294967295,0,0
SpikeDown,496,128,A33E8B1E,0,1,1,4294967295,0,0
SpikeDown,400,128,CE2CEBA8,0,1,1,4294967295,0,0
SpikeRight,288,128,E8299024,0,1,1,4294967295,0,0
SpikeUp,560,192,5E8C0C71,0,1,1,4294967295,0,0
SpikeLeft,272,192,18D6AAEC,0,1,1,4294967295,0,0
SpikeRight,336,192,00753CF0,0,1,1,4294967295,0,0
SpikeDown,704,48,499AE631,0,1,1,4294967295,0,0
SpikeDown,96,32,15CE3FBE,0,1,1,4294967295,0,0
SpikeLeft,560,32,03C6B2BE,0,1,1,4294967295,0,0
SpikeRight,592,32,03D4B556,0,1,1,4294967295,0,0
SpikeRight,304,32,A9CC3429,0,1,1,4294967295,0,0
SpikeLeft,272,32,AF90AAD9,0,1,1,4294967295,0,0
SpikeDown,224,32,BD003049,0,1,1,4294967295,0,0
SpikeDown,80,208,992469CF,0,1,1,4294967295,0,0
SpikeUp,96,208,732EB29B,0,1,1,4294967295,0,0
SpikeDown,64,176,672619FE,0,1,1,4294967295,0,0
SpikeUp,80,176,8385896B,0,1,1,4294967295,0,0
SpikeUp,80,272,7B68FE6B,0,1,1,4294967295,0,0
SpikeDown,96,272,B3C98C95,0,1,1,4294967295,0,0
SpikeUp,112,272,6C34D232,0,1,1,4294967295,0,0
SpikeDown,128,272,935C91B5,0,1,1,4294967295,0,0
SpikeUp,128,240,D0CA7241,0,1,1,4294967295,0,0
SpikeDown,144,240,DEC763B6,0,1,1,4294967295,0,0
SpikeDown,192,224,9D498F3E,0,1,1,4294967295,0,0
SpikeLeft,496,224,5EDC685A,0,1,1,4294967295,0,0
SpikeUp,448,224,D8598953,0,1,1,4294967295,0,0
SpikeRight,400,224,5AEA2921,0,1,1,4294967295,0,0
SpikeLeft,336,224,72F6659B,0,1,1,4294967295,0,0
SpikeLeft,432,384,8A06BE6F,0,1,1,4294967295,0,0
SpikeRight,464,384,995589FF,0,1,1,4294967295,0,0
SpikeLeft,496,368,63AD87F9,0,1,1,4294967295,0,0
SpikeRight,528,368,C7971820,0,1,1,4294967295,0,0
SpikeLeft,576,368,9C96527C,0,1,1,4294967295,0,0
SpikeRight,672,368,CF4DEA45,0,1,1,4294967295,0,0
SpikeUp,768,80,16204CB3,0,1,1,4294967295,0,0
SpikeUp,624,80,A24D1BB3,0,1,1,4294967295,0,0
SpikeUp,704,16,2E20133F,0,1,1,4294967295,0,0
SpikeUp,304,160,412023A7,0,1,1,4294967295,0,0
SpikeUp,496,64,9F5F998E,0,1,1,4294967295,0,0
SpikeUp,400,64,00626CB0,0,1,1,4294967295,0,0
SpikeRight,352,64,13F7B2B5,0,1,1,4294967295,0,0
SpikeLeft,320,64,8B80E407,0,1,1,4294967295,0,0
SpikeRight,256,0,B0A5158A,0,1,1,4294967295,0,0
genericRainbow,64,64,02A4AADC,0,1,1,4294967295,0,0
Block,64,416,4CF0BBB9,0,1,1,4294967295,0,0
Block,0,416,6D158683,0,1,1,4294967295,0,0
Block,416,416,E52DD91E,0,1,1,4294967295,0,0
Block,0,288,1E6128A2,0,1,1,4294967295,0,0
Block,192,336,A7F8E19F,0,1,1,4294967295,0,0
Block,768,336,34C0E9CB,0,1,1,4294967295,0,0
Block,64,336,7673BBD4,0,1,1,4294967295,0,0
Block,768,432,9B1367BB,0,1,1,4294967295,0,0
Block,288,544,4198FD5F,0,1,1,4294967295,0,0
Block,256,544,1EF7855E,0,1,1,4294967295,0,0
Block,224,544,CAEF2B01,0,1,1,4294967295,0,0
Block,64,544,2CF116EB,0,1,1,4294967295,0,0
Block,0,544,7F12E701,0,1,1,4294967295,0,0
Block,96,576,85A08133,0,1,1,4294967295,0,0
Block,64,576,BC1CFF65,0,1,1,4294967295,0,0
Block,32,576,38FBD9E0,0,1,1,4294967295,0,0
Block,0,576,0616CBA9,0,1,1,4294967295,0,0
Block,736,464,C44DC344,0,1,1,4294967295,0,0
Block,768,464,5FF712A1,0,1,1,4294967295,0,0
Block,768,496,57A90FDA,0,1,1,4294967295,0,0
Block,496,512,0045CE28,0,1,1,4294967295,0,0
Block,256,512,FA06AF71,0,1,1,4294967295,0,0
Block,656,512,3F9F777F,0,1,1,4294967295,0,0
Block,64,512,A46CA95F,0,1,1,4294967295,0,0
Block,0,512,E590295B,0,1,1,4294967295,0,0
Block,64,448,F6E9066C,0,1,1,4294967295,0,0
Block,0,448,364F1875,0,1,1,4294967295,0,0
Block,64,480,6D3B1367,0,1,1,4294967295,0,0
Block,0,480,66393B2A,0,1,1,4294967295,0,0
Block,192,400,9C807A2D,0,1,1,4294967295,0,0
Block,768,304,54861238,0,1,1,4294967295,0,0
Block,400,320,71E7899F,0,1,1,4294967295,0,0
Block,560,320,8D625B5D,0,1,1,4294967295,0,0
Block,704,320,5F3C291E,0,1,1,4294967295,0,0
Block,0,320,3601AC27,0,1,1,4294967295,0,0
Block,400,352,71CA85CA,0,1,1,4294967295,0,0
Block,0,352,B0CC1693,0,1,1,4294967295,0,0
Block,0,256,B606A041,0,1,1,4294967295,0,0
Block,768,112,92AE00ED,0,1,1,4294967295,0,0
Block,528,96,23034E5E,0,1,1,4294967295,0,0
Block,496,96,AE19EDBC,0,1,1,4294967295,0,0
Block,400,96,ECAE5AE8,0,1,1,4294967295,0,0
Block,192,96,8A8DA1B3,0,1,1,4294967295,0,0
Block,0,96,DC9DBC34,0,1,1,4294967295,0,0
Block,256,128,624C8A51,0,1,1,4294967295,0,0
Block,224,128,0A9FF1FD,0,1,1,4294967295,0,0
Block,192,128,97FAD62D,0,1,1,4294967295,0,0
Block,0,128,B4D913AA,0,1,1,4294967295,0,0
Block,304,192,60789B09,0,1,1,4294967295,0,0
Block,192,192,E0FA0C9B,0,1,1,4294967295,0,0
Block,0,192,90752E6C,0,1,1,4294967295,0,0
Block,192,32,F7227564,0,1,1,4294967295,0,0
Block,128,32,451FF757,0,1,1,4294967295,0,0
Block,0,32,5C9872A3,0,1,1,4294967295,0,0
Block,704,208,84BE3DCD,0,1,1,4294967295,0,0
Block,768,208,527853B9,0,1,1,4294967295,0,0
Block,144,208,0AB579C9,0,1,1,4294967295,0,0
Block,768,176,D21EE64B,0,1,1,4294967295,0,0
Block,640,176,EDB39F98,0,1,1,4294967295,0,0
Block,768,272,A357CE33,0,1,1,4294967295,0,0
Block,96,240,230E03DB,0,1,1,4294967295,0,0
Block,768,240,C4A48B2C,0,1,1,4294967295,0,0
Block,560,224,8E7404F3,0,1,1,4294967295,0,0
Block,528,224,7D419203,0,1,1,4294967295,0,0
Block,368,224,3D0CCDF4,0,1,1,4294967295,0,0
Block,0,224,5B5DF243,0,1,1,4294967295,0,0
Block,0,384,76616210,0,1,1,4294967295,0,0
Block,192,368,0332ECCA,0,1,1,4294967295,0,0
Block,608,368,4EE4B588,0,1,1,4294967295,0,0
Block,640,368,AFA59A42,0,1,1,4294967295,0,0
Block,64,144,2D0A990C,0,1,1,4294967295,0,0
Block,768,144,ACFBB563,0,1,1,4294967295,0,0
Block,672,144,B90A00C7,0,1,1,4294967295,0,0
Block,640,144,8A1F4F10,0,1,1,4294967295,0,0
Block,192,160,670F8CC2,0,1,1,4294967295,0,0
Block,224,160,5F095678,0,1,1,4294967295,0,0
Block,0,160,2802090D,0,1,1,4294967295,0,0
Block,192,64,9CB78E45,0,1,1,4294967295,0,0
Block,160,64,3F505477,0,1,1,4294967295,0,0
Block,128,64,E78FD6DA,0,1,1,4294967295,0,0
Block,0,64,93920183,0,1,1,4294967295,0,0
Block,224,0,723F5092,0,1,1,4294967295,0,0
Block,192,0,0E1F120F,0,1,1,4294967295,0,0
Block,160,0,1159C8FE,0,1,1,4294967295,0,0
Block,128,0,6ADE7F7E,0,1,1,4294967295,0,0
Block,96,0,70256C88,0,1,1,4294967295,0,0
Block,64,0,A4ADFC48,0,1,1,4294967295,0,0
Block,32,0,5C0C619D,0,1,1,4294967295,0,0
Block,0,0,37CAC1FD,0,1,1,4294967295,0,0
Cherry,464,16,C316A3CE,0,1,1,4294967295,0,0
Cherry,464,32,BA0997F1,0,1,1,4294967295,0,0
Cherry,464,48,31F907FA,0,1,1,4294967295,0,0
Cherry,640,288,0C4DCF68,0,1,1,4294967295,0,0
Cherry,272,288,C57DB136,0,1,1,4294967295,0,0
Cherry,688,288,406BC3E7,0,1,1,4294967295,0,0
Cherry,448,336,AD6D76C7,0,1,1,4294967295,0,0
Cherry,304,336,ABBB2190,0,1,1,4294967295,0,0
Cherry,544,336,B9AEC4D9,0,1,1,4294967295,0,0
Cherry,608,336,59E4B995,0,1,1,4294967295,0,0
Cherry,704,432,3FBEC083,0,1,1,4294967295,0,0
Cherry,624,432,9063FB3B,0,1,1,4294967295,0,0
Cherry,592,432,D0DA3156,0,1,1,4294967295,0,0
Cherry,560,432,09B9B4EF,0,1,1,4294967295,0,0
Cherry,368,432,43946392,0,1,1,4294967295,0,0
Cherry,144,432,15F19DC4,0,1,1,4294967295,0,0
Cherry,128,432,4B099DE0,0,1,1,4294967295,0,0
Cherry,112,432,EFF56397,0,1,1,4294967295,0,0
Cherry,640,544,AE28E859,0,1,1,4294967295,0,0
Cherry,544,544,EED117E7,0,1,1,4294967295,0,0
Cherry,400,544,69F76B9E,0,1,1,4294967295,0,0
Cherry,624,560,E4AD7562,0,1,1,4294967295,0,0
Cherry,560,560,16243F2F,0,1,1,4294967295,0,0
Cherry,368,560,D253B6C9,0,1,1,4294967295,0,0
Cherry,608,576,FDC4FF6D,0,1,1,4294967295,0,0
Cherry,592,576,A9839DD4,0,1,1,4294967295,0,0
Cherry,576,576,3911EA80,0,1,1,4294967295,0,0
Cherry,176,576,C266C5F8,0,1,1,4294967295,0,0
Cherry,608,464,77810304,0,1,1,4294967295,0,0
Cherry,576,464,9E909F31,0,1,1,4294967295,0,0
Cherry,592,496,701FE629,0,1,1,4294967295,0,0
Cherry,368,496,3C978561,0,1,1,4294967295,0,0
Cherry,400,512,44590A7B,0,1,1,4294967295,0,0
Cherry,176,512,92E38554,0,1,1,4294967295,0,0
Cherry,160,512,6933D33A,0,1,1,4294967295,0,0
Cherry,144,512,A841A486,0,1,1,4294967295,0,0
Cherry,128,512,913C7275,0,1,1,4294967295,0,0
Cherry,432,528,309DA897,0,1,1,4294967295,0,0
Cherry,368,528,19B538A2,0,1,1,4294967295,0,0
Cherry,432,448,21C9F3C9,0,1,1,4294967295,0,0
Cherry,320,480,E4EF6F08,0,1,1,4294967295,0,0
Cherry,304,480,A6186E10,0,1,1,4294967295,0,0
Cherry,288,480,2AC9EC11,0,1,1,4294967295,0,0
Cherry,368,400,C8117C69,0,1,1,4294967295,0,0
Cherry,176,304,503D26FD,0,1,1,4294967295,0,0
Cherry,304,304,5BEA980B,0,1,1,4294967295,0,0
Cherry,496,304,69616BA5,0,1,1,4294967295,0,0
Cherry,272,320,3935E304,0,1,1,4294967295,0,0
Cherry,336,320,75AF06A8,0,1,1,4294967295,0,0
Cherry,736,320,5CD26CFE,0,1,1,4294967295,0,0
Cherry,672,320,5A89497A,0,1,1,4294967295,0,0
Cherry,272,352,D1453A02,0,1,1,4294967295,0,0
Cherry,656,352,308B14B4,0,1,1,4294967295,0,0
Cherry,48,256,00AD8C30,0,1,1,4294967295,0,0
Cherry,672,256,8AC00648,0,1,1,4294967295,0,0
Cherry,496,256,643047F4,0,1,1,4294967295,0,0
Cherry,432,256,CA6BA2F0,0,1,1,4294967295,0,0
Cherry,64,112,829E07C3,0,1,1,4294967295,0,0
Cherry,96,112,C0BA8A72,0,1,1,4294967295,0,0
Cherry,80,112,07BD4514,0,1,1,4294967295,0,0
Cherry,80,96,30832589,0,1,1,4294967295,0,0
Cherry,688,96,54DE44FF,0,1,1,4294967295,0,0
Cherry,80,128,A48739E3,0,1,1,4294967295,0,0
Cherry,592,128,1E23E578,0,1,1,4294967295,0,0
Cherry,160,192,EA94A713,0,1,1,4294967295,0,0
Cherry,176,48,314C693F,0,1,1,4294967295,0,0
Cherry,496,208,F7CAD0D6,0,1,1,4294967295,0,0
Cherry,432,208,B8E0650F,0,1,1,4294967295,0,0
Cherry,768,272,F2782609,0,1,1,4294967295,0,0
Cherry,608,240,11DA3F53,0,1,1,4294967295,0,0
Cherry,752,224,60A5AFB0,0,1,1,4294967295,0,0
Cherry,656,224,316AE5C2,0,1,1,4294967295,0,0
Cherry,768,368,67ECED50,0,1,1,4294967295,0,0
Cherry,752,144,B28737BF,0,1,1,4294967295,0,0
Cherry,720,144,6A92D221,0,1,1,4294967295,0,0
Cherry,592,16,9CB8AB6F,0,1,1,4294967295,0,0
Cherry,464,160,115C3864,0,1,1,4294967295,0,0
Cherry,368,160,70EF6303,0,1,1,4294967295,0,0
SaveVeryHard,224,512,C99BDADF,0,1,1,4294967295,0,0
SaveVeryHard,192,304,1E9B402E,0,1,1,4294967295,0,0
SaveVeryHard,768,400,19E34103,0,1,1,4294967295,0,0
SaveVeryHard,224,96,00FEAB1F,0,1,1,4294967295,0,0
PlayerStart,224,96,64807DD2,0,1,1,4294967295,0,0
Warp,352,32,B19A7F77,0,1,1,4294967295,0,1
