SpikeRight,160,576,2DE803A4,0,1,1,4294967295,0,0
SpikeLeft,192,576,D3136DB3,0,1,1,4294967295,0,0
SpikeLeft,320,512,E1113B49,0,1,1,4294967295,0,0
SpikeRight,96,480,E6D7DB1D,0,1,1,4294967295,0,0
SpikeLeft,256,480,97A6FF07,0,1,1,4294967295,0,0
SpikeRight,384,480,5FC3CA30,0,1,1,4294967295,0,0
SpikeLeft,128,544,83A2FA38,0,1,1,4294967295,0,0
SpikeRight,224,544,983BD14D,0,1,1,4294967295,0,0
SpikeRight,288,544,03C3966B,0,1,1,4294967295,0,0
SpikeLeft,352,544,C9277900,0,1,1,4294967295,0,0
SpikeRight,32,560,9A7E4F1F,0,1,1,4294967295,0,0
SpikeLeft,416,560,0A0160B8,0,1,1,4294967295,0,0
SpikeRight,512,560,78C5CAAF,0,1,1,4294967295,0,0
SpikeLeft,48,416,EB2F0CE9,0,1,1,4294967295,0,0
SpikeLeft,288,416,1B140469,0,1,1,4294967295,0,0
SpikeRight,320,416,C3FCDFA0,0,1,1,4294967295,0,0
SpikeLeft,352,320,937B1580,0,1,1,4294967295,0,0
SpikeRight,288,320,9298F52F,0,1,1,4294967295,0,0
SpikeRight,480,224,1529E6C0,0,1,1,4294967295,0,0
SpikeLeft,288,224,B97E8EDE,0,1,1,4294967295,0,0
SpikeRight,192,224,3BE7A1DF,0,1,1,4294967295,0,0
SpikeRight,96,32,282F1D7D,0,1,1,4294967295,0,0
SpikeLeft,128,32,7C9516D1,0,1,1,4294967295,0,0
SpikeLeft,64,32,23A21BA6,0,1,1,4294967295,0,0
SpikeLeft,320,32,CB513C7C,0,1,1,4294967295,0,0
SpikeRight,416,32,650A5B26,0,1,1,4294967295,0,0
SpikeRight,64,48,FD86781B,0,1,1,4294967295,0,0
SpikeLeft,0,48,C5744DB7,0,1,1,4294967295,0,0
SpikeRight,448,48,E886594B,0,1,1,4294967295,0,0
SpikeLeft,288,48,6350A00A,0,1,1,4294967295,0,0
SpikeRight,64,16,4C91922B,0,1,1,4294967295,0,0
SpikeLeft,224,16,A3CCE775,0,1,1,4294967295,0,0
SpikeLeft,352,16,DD270B1F,0,1,1,4294967295,0,0
SpikeRight,384,16,C9F2596E,0,1,1,4294967295,0,0
SpikeRight,288,16,F26E80B2,0,1,1,4294967295,0,0
SpikeLeft,576,16,41EFF7B1,0,1,1,4294967295,0,0
SpikeRight,608,16,ED6EFBDC,0,1,1,4294967295,0,0
SpikeLeft,96,96,5F81AD03,0,1,1,4294967295,0,0
SpikeRight,544,96,73FB2F62,0,1,1,4294967295,0,0
SpikeLeft,640,96,7330A7B4,0,1,1,4294967295,0,0
SpikeRight,704,96,30A5A46A,0,1,1,4294967295,0,0
SpikeRight,192,80,7B591062,0,1,1,4294967295,0,0
SpikeRight,480,80,27ADE0ED,0,1,1,4294967295,0,0
SpikeLeft,544,80,7ABD3B50,0,1,1,4294967295,0,0
SpikeRight,640,80,D891F4BF,0,1,1,4294967295,0,0
SpikeLeft,704,80,D3B6203F,0,1,1,4294967295,0,0
SpikeRight,752,80,3FDAC7C9,0,1,1,4294967295,0,0
SpikeLeft,752,64,F72514F0,0,1,1,4294967295,0,0
SpikeLeft,480,160,AC16AEB4,0,1,1,4294967295,0,0
SpikeRight,544,160,8C7EB7F5,0,1,1,4294967295,0,0
SpikeRight,704,160,C3729CD9,0,1,1,4294967295,0,0
SpikeLeft,640,160,0B21DC88,0,1,1,4294967295,0,0
SpikeLeft,752,192,8D53E643,0,1,1,4294967295,0,0
SpikeLeft,672,272,0A46A97A,0,1,1,4294967295,0,0
SpikeRight,704,272,E187A9B4,0,1,1,4294967295,0,0
SpikeLeft,736,272,F5F93A67,0,1,1,4294967295,0,0
SpikeRight,768,272,21D9C678,0,1,1,4294967295,0,0
SpikeLeft,416,240,3091E62C,0,1,1,4294967295,0,0
SpikeRight,224,240,6052EB33,0,1,1,4294967295,0,0
SpikeLeft,192,240,A6A1F073,0,1,1,4294967295,0,0
SpikeRight,608,240,1530B73E,0,1,1,4294967295,0,0
SpikeLeft,640,240,41AEBBF2,0,1,1,4294967295,0,0
SpikeRight,528,240,2D81160E,0,1,1,4294967295,0,0
SpikeLeft,448,256,5B2C2B2E,0,1,1,4294967295,0,0
SpikeRight,288,256,DF72F983,0,1,1,4294967295,0,0
SpikeRight,192,256,FF795D4E,0,1,1,4294967295,0,0
SpikeLeft,528,256,DEF67BD0,0,1,1,4294967295,0,0
SpikeLeft,192,304,81F8D360,0,1,1,4294967295,0,0
SpikeRight,352,304,DCE26F57,0,1,1,4294967295,0,0
SpikeLeft,544,304,3CCC3E2A,0,1,1,4294967295,0,0
SpikeRight,448,336,0EC9E484,0,1,1,4294967295,0,0
SpikeLeft,496,336,46935CBD,0,1,1,4294967295,0,0
SpikeRight,560,336,5EF78DD9,0,1,1,4294967295,0,0
SpikeRight,64,496,870F0CF9,0,1,1,4294967295,0,0
SpikeLeft,544,496,1059FCD7,0,1,1,4294967295,0,0
SpikeRight,608,496,F6251411,0,1,1,4294967295,0,0
SpikeLeft,400,400,726C6CFB,0,1,1,4294967295,0,0
SpikeLeft,544,400,C0966FB8,0,1,1,4294967295,0,0
SpikeRight,480,400,8F46EF87,0,1,1,4294967295,0,0
SpikeRight,672,400,4B77A5F0,0,1,1,4294967295,0,0
SpikeLeft,736,400,3853E7C0,0,1,1,4294967295,0,0
SpikeLeft,0,528,07613AFE,0,1,1,4294967295,0,0
SpikeRight,448,528,7D9B8184,0,1,1,4294967295,0,0
SpikeLeft,480,528,615B945A,0,1,1,4294967295,0,0
SpikeRight,672,528,BA125E5B,0,1,1,4294967295,0,0
SpikeLeft,736,528,F9619CA9,0,1,1,4294967295,0,0
MiniSpikeRight,720,472,2363558D,0,1,1,4294967295,0,0
MiniSpikeLeft,704,472,F214E2B7,0,1,1,4294967295,0,0
SpikeRight,432,176,9926D4C1,0,1,1,4294967295,0,0
SpikeLeft,704,176,A4118052,0,1,1,4294967295,0,0
SpikeRight,640,176,80217375,0,1,1,4294967295,0,0
SpikeRight,752,176,D5006B37,0,1,1,4294967295,0,0
SpikeLeft,208,176,BD6F0C3A,0,1,1,4294967295,0,0
SpikeRight,240,144,55CA7A1A,0,1,1,4294967295,0,0
SpikeLeft,64,112,8DADA72F,0,1,1,4294967295,0,0
SpikeLeft,160,112,551B4655,0,1,1,4294967295,0,0
SpikeRight,96,112,95E352BC,0,1,1,4294967295,0,0
SpikeLeft,368,112,D8A4BC6D,0,1,1,4294967295,0,0
SpikeRight,400,112,08D35F8F,0,1,1,4294967295,0,0
SpikeRight,320,112,370ED435,0,1,1,4294967295,0,0
SpikeLeft,256,112,D81EAF72,0,1,1,4294967295,0,0
SpikeRight,448,208,6781E16F,0,1,1,4294967295,0,0
SpikeRight,384,208,98F68D7A,0,1,1,4294967295,0,0
SpikeLeft,352,208,84406453,0,1,1,4294967295,0,0
SpikeLeft,576,208,C281A494,0,1,1,4294967295,0,0
SpikeRight,128,208,7D13B0BE,0,1,1,4294967295,0,0
SpikeLeft,64,208,F88DE5D8,0,1,1,4294967295,0,0
SpikeLeft,256,288,E1357DE5,0,1,1,4294967295,0,0
SpikeLeft,704,288,B922843E,0,1,1,4294967295,0,0
SpikeRight,736,288,05A90B6F,0,1,1,4294967295,0,0
SpikeRight,544,288,8F54D091,0,1,1,4294967295,0,0
SpikeLeft,112,288,14DDD56C,0,1,1,4294967295,0,0
SpikeRight,80,288,C92C43AD,0,1,1,4294967295,0,0
SpikeLeft,96,128,768EE124,0,1,1,4294967295,0,0
SpikeLeft,320,128,B86F39BD,0,1,1,4294967295,0,0
SpikeRight,608,128,60E73A1F,0,1,1,4294967295,0,0
SpikeLeft,576,128,15FF5CFF,0,1,1,4294967295,0,0
SpikeRight,160,0,798A5AF5,0,1,1,4294967295,0,0
SpikeLeft,192,0,B513CE17,0,1,1,4294967295,0,0
SpikeRight,720,0,9B0E9691,0,1,1,4294967295,0,0
SpikeLeft,688,0,A831EA63,0,1,1,4294967295,0,0
SpikeRight,544,0,1664BAA4,0,1,1,4294967295,0,0
SpikeLeft,624,0,B1FDA3BC,0,1,1,4294967295,0,0
SpikeRight,352,368,A69A100C,0,1,1,4294967295,0,0
SpikeLeft,576,368,34EEDC4A,0,1,1,4294967295,0,0
SpikeLeft,240,368,F390615E,0,1,1,4294967295,0,0
SpikeRight,640,368,DEDFCBA7,0,1,1,4294967295,0,0
SpikeRight,160,368,1493E815,0,1,1,4294967295,0,0
SpikeRight,160,464,825697B5,0,1,1,4294967295,0,0
SpikeRight,256,464,E66DF9A8,0,1,1,4294967295,0,0
SpikeLeft,384,464,D4E0AFC9,0,1,1,4294967295,0,0
SpikeLeft,640,464,A8EB6BF9,0,1,1,4294967295,0,0
SpikeRight,768,464,43DE3F17,0,1,1,4294967295,0,0
SpikeLeft,192,464,34BA17D0,0,1,1,4294967295,0,0
SpikeRight,400,384,B36C8C2F,0,1,1,4294967295,0,0
SpikeRight,128,384,A1322060,0,1,1,4294967295,0,0
SpikeLeft,16,432,FD507D94,0,1,1,4294967295,0,0
SpikeLeft,320,432,A261AE9C,0,1,1,4294967295,0,0
SpikeRight,288,432,22141FEB,0,1,1,4294967295,0,0
SpikeLeft,192,432,BFE6DAAA,0,1,1,4294967295,0,0
SpikeLeft,288,448,00CED082,0,1,1,4294967295,0,0
SpikeRight,448,448,24FB993F,0,1,1,4294967295,0,0
SpikeLeft,160,448,A1EFFBFF,0,1,1,4294967295,0,0
SpikeLeft,480,448,D322275F,0,1,1,4294967295,0,0
SpikeRight,192,448,B27C3648,0,1,1,4294967295,0,0
genericRainbow,400,288,6D82890F,0,1,1,4294967295,0,0
Block,288,352,4CAE1062,0,1,1,4294967295,0,0
Block,32,352,D5E8066E,0,1,1,4294967295,0,0
Block,64,576,7ADF10D3,0,1,1,4294967295,0,0
Block,256,576,31E4421C,0,1,1,4294967295,0,0
Block,384,576,DC8D5668,0,1,1,4294967295,0,0
Block,544,576,0A92376D,0,1,1,4294967295,0,0
Block,576,576,53B2C9E1,0,1,1,4294967295,0,0
Block,352,512,A0076B49,0,1,1,4294967295,0,0
Block,576,544,1777C91E,0,1,1,4294967295,0,0
Block,384,320,75A2CC02,0,1,1,4294967295,0,0
Block,32,320,AA2D62CE,0,1,1,4294967295,0,0
Block,32,224,FDD97949,0,1,1,4294967295,0,0
Block,160,224,AC19E2A9,0,1,1,4294967295,0,0
Block,320,224,6204C353,0,1,1,4294967295,0,0
Block,672,224,0C704749,0,1,1,4294967295,0,0
Block,32,48,19B61B78,0,1,1,4294967295,0,0
Block,32,16,9CA076E9,0,1,1,4294967295,0,0
Block,256,16,D309DE79,0,1,1,4294967295,0,0
Block,752,16,659AFDBA,0,1,1,4294967295,0,0
Block,128,96,A03B7022,0,1,1,4294967295,0,0
Block,0,96,46514545,0,1,1,4294967295,0,0
Block,288,80,C327449D,0,1,1,4294967295,0,0
Block,448,80,1E5326F1,0,1,1,4294967295,0,0
Block,64,160,635F7BC6,0,1,1,4294967295,0,0
Block,32,160,89F3398F,0,1,1,4294967295,0,0
Block,0,160,02191CDB,0,1,1,4294967295,0,0
Block,512,160,F3248E58,0,1,1,4294967295,0,0
Block,160,192,EB2BA3C3,0,1,1,4294967295,0,0
Block,32,192,81578A03,0,1,1,4294967295,0,0
Block,512,192,59F1B47E,0,1,1,4294967295,0,0
Block,160,256,1C620EB3,0,1,1,4294967295,0,0
Block,32,256,772E219A,0,1,1,4294967295,0,0
Block,224,336,ECBE59B3,0,1,1,4294967295,0,0
Block,528,336,47F37B93,0,1,1,4294967295,0,0
Block,576,496,F31FB98F,0,1,1,4294967295,0,0
Block,224,400,71EDA39D,0,1,1,4294967295,0,0
Block,352,400,966402EE,0,1,1,4294967295,0,0
Block,448,400,75CC336A,0,1,1,4294967295,0,0
Block,576,400,9E0BEE91,0,1,1,4294967295,0,0
Block,608,400,2571B95E,0,1,1,4294967295,0,0
Block,400,176,FB433E79,0,1,1,4294967295,0,0
Block,368,144,202B6232,0,1,1,4294967295,0,0
Block,288,112,36C2C568,0,1,1,4294967295,0,0
Block,32,288,8AFB5743,0,1,1,4294967295,0,0
Block,160,288,C51280F5,0,1,1,4294967295,0,0
Block,128,128,CD36322C,0,1,1,4294967295,0,0
Block,0,128,90CEF4CD,0,1,1,4294967295,0,0
Block,512,128,ADFD43D1,0,1,1,4294967295,0,0
Block,672,128,4F57C73A,0,1,1,4294967295,0,0
Block,448,368,7A485F8A,0,1,1,4294967295,0,0
Block,608,368,C2160B41,0,1,1,4294967295,0,0
Block,224,368,6312D7AF,0,1,1,4294967295,0,0
Block,128,464,D132DDBA,0,1,1,4294967295,0,0
Block,96,384,4A0258A0,0,1,1,4294967295,0,0
Block,32,384,409FB6DF,0,1,1,4294967295,0,0
Block,64,384,87780024,0,1,1,4294967295,0,0
Block,224,432,83C4E662,0,1,1,4294967295,0,0
Block,256,432,295830B3,0,1,1,4294967295,0,0
Block,512,448,FFEB0CDC,0,1,1,4294967295,0,0
Block,576,448,BB5380EC,0,1,1,4294967295,0,0
SaveVeryHard,32,128,9EC833D6,0,1,1,4294967295,0,0
Warp,704,576,08659E18,0,1,1,4294967295,0,1
SaveVeryHard,64,544,1378DE64,0,1,1,4294967295,0,0
SaveVeryHard,512,416,7B3D8980,0,1,1,4294967295,0,0
SaveVeryHard,320,192,B9C80FF3,0,1,1,4294967295,0,0
PlayerStart,32,128,939AFC17,0,1,1,4294967295,0,0
