SpikeUp,256,96,0841231C,0,1,1,4294967295,0,0
Block,256,192,775F9F3E,0,1,1,4294967295,0,0
Block,288,192,11BBFF73,0,1,1,4294967295,0,0
Block,320,192,4E577D90,0,1,1,4294967295,0,0
Block,256,128,514A251E,0,1,1,4294967295,0,0
Block,256,160,392DEC49,0,1,1,4294967295,0,0
Block,352,192,0E55D552,0,1,1,4294967295,0,0
levis_BorderTile,0,0,5AFD3266,0,1,1,4294967295,0,0
PlayerStart,288,160,5492DF0C,0,1,1,4294967295,0,0
Warp,224,128,F07D214A,0,1,1,4294967295,0,1
SaveVeryHard,320,160,934DF83D,0,1,1,4294967295,0,0
Sign,352,160,0D2F63CE,0,1,1,4294967295,0,1
Item,352,96,E8163746,0,1,1,4294967295,0,1
