KillerBlock,0,528,A293AA54,0,25,2.5,4294967295,0,1
SpikeUp,208,96,49D79857,0,1,1,4294967295,0,0
SpikeUp,224,64,FDAA7E73,0,1,1,4294967295,0,0
SpikeUp,240,96,0EA857AA,0,1,1,4294967295,0,0
SpikeUp,96,128,CFDF0109,0,1,1,4294967295,0,0
SpikeLeft,128,80,ECE9448E,0,1,1,4294967295,0,0
SpikeRight,64,80,B1E725F5,0,1,1,4294967295,0,0
SpikeDown,96,224,55460B44,0,1,1,4294967295,0,0
SpikeLeft,64,160,C0768A82,0,1,1,4294967295,0,0
SpikeUp,64,368,74E6FD1C,0,1,1,4294967295,0,0
SpikeUp,48,400,7000292B,0,1,1,4294967295,0,0
SpikeDown,16,336,D6DEAD0E,0,1,1,4294967295,0,0
SpikeDown,0,368,5FC56ED8,0,1,1,4294967295,0,0
MiniSpikeUp,16,320,357C4136,0,1,1,4294967295,0,0
MiniSpikeUp,32,320,F1C3A247,0,1,1,4294967295,0,0
MiniSpikeDown,48,432,0A768B58,0,1,1,4294967295,0,0
MiniSpikeDown,64,432,D390CD7F,0,1,1,4294967295,0,0
SpikeLeft,48,496,ADA44C39,0,1,1,4294967295,0,0
SpikeLeft,96,352,5565F95B,0,1,1,4294967295,0,0
SpikeRight,128,352,B448DB9C,0,1,1,4294967295,0,0
SpikeDown,112,256,62874EDB,0,1,1,4294967295,0,0
SpikeDown,128,288,9A143967,0,1,1,4294967295,0,0
SpikeDown,160,224,745B2676,0,1,1,4294967295,0,0
SpikeDown,144,256,C92CAC9C,0,1,1,4294967295,0,0
SpikeUp,144,224,B1F768E0,0,1,1,4294967295,0,0
SpikeUp,112,224,C81720C5,0,1,1,4294967295,0,0
SpikeUp,128,256,B3CE8194,0,1,1,4294967295,0,0
SpikeUp,192,432,36960A25,0,1,1,4294967295,0,0
SpikeLeft,160,368,390C7C32,0,1,1,4294967295,0,0
SpikeRight,192,368,93704D16,0,1,1,4294967295,0,0
SpikeLeft,160,464,AE8188E0,0,1,1,4294967295,0,0
SpikeLeft,160,496,EC7BE7F6,0,1,1,4294967295,0,0
SpikeLeft,288,432,76FF2881,0,1,1,4294967295,0,0
SpikeLeft,128,480,CCFC93BE,0,1,1,4294967295,0,0
SpikeDown,224,384,1A02E0A2,0,1,1,4294967295,0,0
SpikeUp,288,480,6C9A2DF5,0,1,1,4294967295,0,0
MiniSpikeDown,288,512,08357029,0,1,1,4294967295,0,0
MiniSpikeDown,304,512,9CFBA066,0,1,1,4294967295,0,0
SpikeLeft,288,336,DE25FBB7,0,1,1,4294967295,0,0
SpikeLeft,256,320,AAC2A365,0,1,1,4294967295,0,0
SpikeLeft,288,304,0022FF78,0,1,1,4294967295,0,0
SpikeUp,240,384,DD1F2B7D,0,1,1,4294967295,0,0
SpikeUp,224,304,2A3706BF,0,1,1,4294967295,0,0
SpikeRight,208,224,15441B2C,0,1,1,4294967295,0,0
MiniSpikeDown,192,256,4AD5B0BA,0,1,1,4294967295,0,0
SpikeRight,208,176,D489B763,0,1,1,4294967295,0,0
SpikeDown,224,160,A230F381,0,1,1,4294967295,0,0
SpikeDown,272,160,2BD5C884,0,1,1,4294967295,0,0
SpikeUp,320,208,921A1141,0,1,1,4294967295,0,0
SpikeUp,368,208,0501724D,0,1,1,4294967295,0,0
SpikeUp,272,96,EC543BB0,0,1,1,4294967295,0,0
SpikeDown,320,128,339C9D67,0,1,1,4294967295,0,0
SpikeDown,336,96,3D89AA0D,0,1,1,4294967295,0,0
SpikeDown,304,96,AF5A2A21,0,1,1,4294967295,0,0
SpikeLeft,416,128,902FF463,0,1,1,4294967295,0,0
SpikeLeft,416,80,1B4513CE,0,1,1,4294967295,0,0
SpikeUp,400,208,BE2276DC,0,1,1,4294967295,0,0
SpikeDown,416,208,6ED7A35C,0,1,1,4294967295,0,0
SpikeRight,400,64,B81D72DF,0,1,1,4294967295,0,0
SpikeUp,416,240,28259850,0,1,1,4294967295,0,0
SpikeRight,448,272,B58BB0EE,0,1,1,4294967295,0,0
SpikeLeft,480,272,AED2CA70,0,1,1,4294967295,0,0
SpikeDown,496,240,3598D94C,0,1,1,4294967295,0,0
SpikeLeft,528,144,1B18DFE5,0,1,1,4294967295,0,0
SpikeLeft,544,256,9D97D10A,0,1,1,4294967295,0,0
SpikeUp,528,336,F934CE97,0,1,1,4294967295,0,0
SpikeLeft,496,368,46213F59,0,1,1,4294967295,0,0
SpikeUp,464,352,6362F31B,0,1,1,4294967295,0,0
SpikeDown,448,352,ABA7D331,0,1,1,4294967295,0,0
SpikeRight,352,304,8ACCEB85,0,1,1,4294967295,0,0
SpikeRight,384,288,63A2CA5F,0,1,1,4294967295,0,0
SpikeUp,576,368,7FC25421,0,1,1,4294967295,0,0
SpikeDown,576,400,C7A97716,0,1,1,4294967295,0,0
SpikeDown,632,368,DB178F5C,0,1,1,4294967295,0,0
SpikeDown,616,336,D097684B,0,1,1,4294967295,0,0
SpikeDown,648,336,4FF6696C,0,1,1,4294967295,0,0
SpikeUp,688,400,A3E58E1D,0,1,1,4294967295,0,0
SpikeRight,704,368,02CEA680,0,1,1,4294967295,0,0
SpikeLeft,720,304,3434B7ED,0,1,1,4294967295,0,0
MiniSpikeDown,568,272,3B653C35,0,1,1,4294967295,0,0
MiniSpikeUp,568,256,88C20E01,0,1,1,4294967295,0,0
SpikeLeft,584,304,CB0C2FCC,0,1,1,4294967295,0,0
SpikeRight,584,288,1C5232E7,0,1,1,4294967295,0,0
SpikeDown,320,464,5F41B096,0,1,1,4294967295,0,0
SpikeLeft,720,144,488D108F,0,1,1,4294967295,0,0
SpikeUp,664,160,9CDAEE7A,0,1,1,4294967295,0,0
SpikeUp,584,224,CAF48DDF,0,1,1,4294967295,0,0
SpikeUp,600,192,C7D6B994,0,1,1,4294967295,0,0
SpikeDown,600,224,A2957164,0,1,1,4294967295,0,0
SpikeDown,464,464,426EA100,0,1,1,4294967295,0,0
SpikeLeft,448,496,DAB3C073,0,1,1,4294967295,0,0
MiniSpikeLeft,680,272,9B1B3233,0,1,1,4294967295,0,0
SpikeRight,696,256,A89995B9,0,1,1,4294967295,0,0
MiniSpikeLeft,680,256,CF5A7358,0,1,1,4294967295,0,0
SpikeUp,752,272,A7C8E373,0,1,1,4294967295,0,0
SpikeDown,752,240,21399474,0,1,1,4294967295,0,0
SpikeLeft,720,208,B47D0A73,0,1,1,4294967295,0,0
SpikeUp,784,112,9E6CD46F,0,1,1,4294967295,0,0
SpikeUp,768,80,D85765F0,0,1,1,4294967295,0,0
SpikeDown,768,208,A29B9D51,0,1,1,4294967295,0,0
SpikeUp,160,48,D48E0C24,0,1,1,4294967295,0,0
SpikeUp,32,16,1D23FA69,0,1,1,4294967295,0,0
SpikeDown,256,96,8A8428E5,0,1,1,4294967295,0,0
SpikeRight,680,96,8A8BC57D,0,1,1,4294967295,0,0
SpikeDown,784,176,D1423581,0,1,1,4294967295,0,0
SpikeUp,752,112,70D73FD0,0,1,1,4294967295,0,0
SpikeDown,664,192,18853BE2,0,1,1,4294967295,0,0
SpikeUp,560,112,0E37532A,0,1,1,4294967295,0,0
SpikeDown,480,112,3060B480,0,1,1,4294967295,0,0
SpikeRight,512,80,3649C50E,0,1,1,4294967295,0,0
SpikeDown,464,144,607BBE6B,0,1,1,4294967295,0,0
SpikeDown,48,16,1ECAA6A3,0,1,1,4294967295,0,0
SpikeUp,176,16,C5830211,0,1,1,4294967295,0,0
SpikeDown,176,48,21B52C84,0,1,1,4294967295,0,0
MiniSpikeDown,200,240,788EEC3B,0,1,1,4294967295,0,0
MiniSpikeUp,200,224,3BBEE680,0,1,1,4294967295,0,0
MiniSpikeUp,192,240,5F006EDE,0,1,1,4294967295,0,0
SpikeUp,576,80,93EDB5D5,0,1,1,4294967295,0,0
SpikeUp,592,112,D6311613,0,1,1,4294967295,0,0
SpikeLeft,648,96,7DA01CCA,0,1,1,4294967295,0,0
SpikeLeft,648,0,03E5EF13,0,1,1,4294967295,0,0
SpikeRight,680,0,F9F5353B,0,1,1,4294967295,0,0
SpikeLeft,480,48,5ECA5923,0,1,1,4294967295,0,0
SpikeRight,448,48,C73E093D,0,1,1,4294967295,0,0
Block,176,192,0F4AAACC,0,1,1,4294967295,0,0
Block,144,192,CE300177,0,1,1,4294967295,0,0
Block,208,128,A842FB22,0,1,1,4294967295,0,0
Block,240,128,76D4447A,0,1,1,4294967295,0,0
Block,96,160,7B672E4F,0,1,1,4294967295,0,0
Block,96,192,A049FC3F,0,1,1,4294967295,0,0
Block,80,496,10921738,0,1,1,4294967295,0,0
Block,208,160,9698AC72,0,1,1,4294967295,0,0
Block,320,432,256CFDC5,0,1,1,4294967295,0,0
Block,320,400,9C638BF3,0,1,1,4294967295,0,0
Block,320,336,94ABF769,0,1,1,4294967295,0,0
Block,320,304,35568139,0,1,1,4294967295,0,0
Block,320,368,A1F05104,0,1,1,4294967295,0,0
Block,272,128,D154DE6D,0,1,1,4294967295,0,0
Block,320,272,4D34A036,0,1,1,4294967295,0,0
Block,320,240,A66B2DD8,0,1,1,4294967295,0,0
Block,352,240,CF738CB9,0,1,1,4294967295,0,0
Block,368,128,27A06FE3,0,1,1,4294967295,0,0
Block,304,64,17A072C1,0,1,1,4294967295,0,0
Block,336,64,556A4907,0,1,1,4294967295,0,0
Block,368,64,2720EAA0,0,1,1,4294967295,0,0
Block,368,96,102D3174,0,1,1,4294967295,0,0
Block,448,80,F2B1AC2F,0,1,1,4294967295,0,0
Block,448,144,0D4FFB7D,0,1,1,4294967295,0,0
Block,448,112,5E5654B3,0,1,1,4294967295,0,0
Block,560,144,F667A930,0,1,1,4294967295,0,0
Block,384,240,66577DB9,0,1,1,4294967295,0,0
Block,416,272,928CEE34,0,1,1,4294967295,0,0
Block,384,272,DC083809,0,1,1,4294967295,0,0
Block,352,272,848F99FB,0,1,1,4294967295,0,0
Block,528,368,A62D98FF,0,1,1,4294967295,0,0
Block,528,400,3CA04418,0,1,1,4294967295,0,0
Block,496,400,76950963,0,1,1,4294967295,0,0
Block,464,400,DCE46829,0,1,1,4294967295,0,0
Block,616,304,3401F3DF,0,1,1,4294967295,0,0
Block,648,304,96E6E261,0,1,1,4294967295,0,0
Block,584,256,6DFB5A83,0,1,1,4294967295,0,0
Block,688,432,AFCAB0ED,0,1,1,4294967295,0,0
Block,752,336,459AD773,0,1,1,4294967295,0,0
Block,752,432,412AC87A,0,1,1,4294967295,0,0
Block,752,400,52FC2CEB,0,1,1,4294967295,0,0
Block,752,368,ECAB7E01,0,1,1,4294967295,0,0
Block,648,256,C72C8182,0,1,1,4294967295,0,0
Block,616,256,F521887C,0,1,1,4294967295,0,0
Block,752,304,2821295B,0,1,1,4294967295,0,0
Block,648,224,D2C0ACCB,0,1,1,4294967295,0,0
Block,648,192,E472078B,0,1,1,4294967295,0,0
Block,616,192,E6DF1C63,0,1,1,4294967295,0,0
Block,464,432,F302194A,0,1,1,4294967295,0,0
Block,752,208,6A63F75B,0,1,1,4294967295,0,0
Block,752,144,5A9C26B2,0,1,1,4294967295,0,0
Block,784,144,80ACE46C,0,1,1,4294967295,0,0
Block,32,80,F025B718,0,1,1,4294967295,0,0
Block,32,48,76B9122D,0,1,1,4294967295,0,0
Block,480,80,DCCFA3A7,0,1,1,4294967295,0,0
Block,160,80,136AB4D9,0,1,1,4294967295,0,0
Block,592,144,2C881215,0,1,1,4294967295,0,0
levis_BorderTile,0,0,E8A19523,0,1,1,4294967295,0,0
PlayerStart,176,160,B2C5BD4B,0,1,1,4294967295,0,0
SaveVeryHard,144,160,E38F1CB1,0,1,1,4294967295,0,0
Warp,352,416,2E13F0A2,0,3,3,4294967295,0,1
Cherry,32,240,3DFB171B,0,1,1,4294967295,0,0
Cherry,48,272,DF607392,0,1,1,4294967295,0,0
Cherry,64,304,107A8216,0,1,1,4294967295,0,0
Platform,288,464,8790DF54,0,1,1,4294967295,0,0
Platform,736,400,34473A3C,0,1,1,4294967295,270,0
WaterCatharsis,64,80,EB5933E2,0,3,1,4294967295,0,0
CherryWaterCatharsis,64,352,D7BAECD4,0,1,1,4294967295,0,0
CherryWaterCatharsis,48,384,84451A8C,0,1,1,4294967295,0,0
CherryWaterCatharsis,32,416,552F62DB,0,1,1,4294967295,0,0
CherryWater,208,512,F13308BD,0,1,1,4294967295,0,0
CherryWaterCatharsis,208,480,15F22D16,0,1,1,4294967295,0,0
Water,208,240,23492051,0,1,3,4294967295,0,0
Water,200,256,35ED570F,0,0.25,0.5,4294967295,0,0
CherryWater,232,216,A6B2BB6E,0,1,1,4294967295,0,0
CherryWaterRefreshing,264,184,5EC72CAD,0,1,1,4294967295,0,0
CherryWaterRefreshing,296,376,002AFB9D,0,1,1,4294967295,0,0
CherryWater,360,208,D6C941F8,0,1,1,4294967295,0,0
WaterCatharsis,416,144,044ACB2B,0,1,1,4294967295,0,0
WaterRefreshing,416,96,AB38D1A3,0,1,1.5,4294967295,0,0
WaterCatharsis,400,92,4DFB5D67,0,0.25,2.125,4294967295,0,0
WaterCatharsis,512,240,D5E63E34,0,0.5,2,4294967295,0,0
Water,560,400,3166E347,0,4.5,1,4294967295,0,0
WaterCatharsis,720,400,D860ED21,0,1,2,4294967295,0,0
WaterCatharsis,560,368,16F6CCA7,0,6,1,4294967295,0,0
CherryWater,720,296,41051107,0,1,1,4294967295,0,0
CherryWater,720,248,DBC94D95,0,1,1,4294967295,0,0
WaterCatharsis,704,400,03974E7A,0,0.5,1,4294967295,0,0
WaterCatharsis,528,144,CB88E104,0,1,0.5,4294967295,0,0
WaterCatharsis,480,112,F7D43617,0,4,1,4294967295,0,0
WaterCatharsis,512,96,5F020128,0,1,0.5,4294967295,0,0
CherryWaterRefreshing,680,64,BEC0B184,0,1,1,4294967295,0,0
