background37_block,-16,0,0,0,32,32,0,1,1,4294967295
background37_block,16,0,0,0,32,32,0,1,1,4294967295
background37_block,48,0,0,0,32,32,0,1,1,4294967295
background37_block,80,0,0,0,32,32,0,1,1,4294967295
background37_block,112,0,0,0,32,32,0,1,1,4294967295
background37_block,144,0,0,0,32,32,0,1,1,4294967295
background37_block,176,0,0,0,32,32,0,1,1,4294967295
background37_block,176,32,0,0,32,32,0,1,1,4294967295
background37_block,176,64,0,0,32,32,0,1,1,4294967295
background37_block,176,96,0,0,32,32,0,1,1,4294967295
background37_block,176,128,0,0,32,32,0,1,1,4294967295
background37_block,208,128,0,0,32,32,0,1,1,4294967295
background37_block,240,128,0,0,32,32,0,1,1,4294967295
background37_block,240,96,0,0,32,32,0,1,1,4294967295
background37_block,144,32,0,0,32,32,0,1,1,4294967295
background37_block,144,64,0,0,32,32,0,1,1,4294967295
background37_block,144,96,0,0,32,32,0,1,1,4294967295
background37_block,144,128,0,0,32,16,0,1,1,4294967295
background37_block,-16,64,0,0,32,32,0,1,1,4294967295
background37_block,16,64,0,0,32,32,0,1,1,4294967295
background37_block,48,64,0,0,32,32,0,1,1,4294967295
background37_block,80,64,0,0,32,32,0,1,1,4294967295
background37_block,-16,96,0,0,32,32,0,1,1,4294967295
background37_block,16,96,0,0,32,32,0,1,1,4294967295
background37_block,-16,128,0,0,32,32,0,1,1,4294967295
background37_block,16,128,0,0,32,32,0,1,1,4294967295
background37_block,80,240,0,0,32,32,0,1,1,4294967295
background37_block,224,288,0,0,32,32,0,1,1,4294967295
background37_block,208,-16,0,0,32,32,0,1,1,4294967295
background37_block,240,-16,0,0,32,32,0,1,1,4294967295
background37_block,272,0,0,0,32,32,0,0.5,0.5,4294967295
background37_block,288,0,0,0,32,32,0,1,1,4294967295
background37_block,320,0,0,0,32,32,0,1,1,4294967295
background37_block,352,0,0,0,32,32,0,1,1,4294967295
background37_block,352,32,0,0,32,32,0,1,1,4294967295
background37_block,320,32,0,0,32,32,0,1,1,4294967295
background37_block,288,32,0,0,32,32,0,1,1,4294967295
background37_block,352,64,0,0,32,32,0,1,1,4294967295
background37_block,672,-16,0,0,32,32,0,1,1,4294967295
background37_block,704,-16,0,0,32,32,0,1,1,4294967295
background37_block,736,-16,0,0,32,32,0,1,1,4294967295
background37_block,768,-16,0,0,32,32,0,1,1,4294967295
background37_block,768,16,0,0,32,32,0,1,1,4294967295
background37_block,704,16,0,0,32,32,0,1,1,4294967295
background37_block,672,16,0,0,32,32,0,1,1,4294967295
background37_block,736,16,0,0,32,32,0,1,1,4294967295
background37_block,704,48,0,0,32,32,0,1,1,4294967295
background37_block,736,48,0,0,32,32,0,1,1,4294967295
background37_block,768,48,0,0,32,32,0,1,1,4294967295
background37_block,768,80,0,0,32,32,0,1,1,4294967295
background37_block,768,112,0,0,32,32,0,1,1,4294967295
background37_block,768,144,0,0,32,32,0,1,1,4294967295
background37_block,768,176,0,0,32,32,0,1,1,4294967295
background37_block,736,176,0,0,32,32,0,1,1,4294967295
background37_block,736,144,0,0,32,32,0,1,1,4294967295
background37_block,736,80,0,0,32,32,0,1,1,4294967295
background37_block,736,112,0,0,32,32,0,1,1,4294967295
background37_block,704,112,0,0,32,32,0,1,1,4294967295
background37_block,496,0,0,0,32,32,0,1,1,4294967295
background37_block,560,0,0,0,32,32,0,1,1,4294967295
background37_block,560,32,0,0,32,32,0,1,1,4294967295
background37_block,560,64,0,0,32,32,0,1,1,4294967295
background37_block,592,0,0,0,32,32,0,1,1,4294967295
background37_block,592,32,0,0,32,32,0,1,1,4294967295
background37_block,592,64,0,0,32,32,0,1,1,4294967295
background37_block,704,80,0,0,32,32,0,1,1,4294967295
background37_block,688,368,0,0,32,32,0,1,1,4294967295
background37_block,688,400,0,0,32,32,0,1,1,4294967295
background37_block,688,432,0,0,32,32,0,1,1,4294967295
background37_block,688,464,0,0,32,32,0,1,1,4294967295
background37_block,688,496,0,0,32,32,0,1,1,4294967295
background37_block,688,528,0,0,32,32,0,1,1,4294967295
background37_block,688,560,0,0,32,32,0,1,1,4294967295
background37_block,688,592,0,0,32,32,0,1,1,4294967295
background37_block,720,592,0,0,32,32,0,1,1,4294967295
background37_block,752,592,0,0,32,32,0,1,1,4294967295
background37_block,784,592,0,0,32,32,0,1,1,4294967295
background37_block,720,560,0,0,32,32,0,1,1,4294967295
background37_block,752,560,0,0,32,32,0,1,1,4294967295
background37_block,784,560,0,0,32,32,0,1,1,4294967295
background37_block,720,528,0,0,32,32,0,1,1,4294967295
background37_block,752,528,0,0,32,32,0,1,1,4294967295
background37_block,784,528,0,0,32,32,0,1,1,4294967295
background37_block,720,496,0,0,32,32,0,1,1,4294967295
background37_block,752,496,0,0,32,32,0,1,1,4294967295
background37_block,784,496,0,0,32,32,0,1,1,4294967295
background37_block,720,464,0,0,32,32,0,1,1,4294967295
background37_block,752,464,0,0,32,32,0,1,1,4294967295
background37_block,784,464,0,0,32,32,0,1,1,4294967295
background37_block,784,432,0,0,32,32,0,1,1,4294967295
background37_block,784,400,0,0,32,32,0,1,1,4294967295
background37_block,720,432,0,0,32,32,0,1,1,4294967295
background37_block,576,352,0,0,32,32,0,1,1,4294967295
background37_block,576,384,0,0,32,32,0,1,1,4294967295
background37_block,576,416,0,0,32,32,0,1,1,4294967295
background37_block,576,448,0,0,32,32,0,1,1,4294967295
background37_block,576,480,0,0,32,32,0,1,1,4294967295
background37_block,576,512,0,0,32,32,0,1,1,4294967295
background37_block,576,544,0,0,32,32,0,1,1,4294967295
background37_block,576,576,0,0,32,32,0,1,1,4294967295
background37_block,608,448,0,0,32,32,0,1,1,4294967295
background37_block,608,480,0,0,32,32,0,1,1,4294967295
background37_block,608,512,0,0,32,32,0,1,1,4294967295
background37_block,608,544,0,0,32,32,0,1,1,4294967295
background37_block,528,384,0,0,32,32,0,1,1,4294967295
background37_block,464,352,0,0,32,32,0,1,1,4294967295
background37_block,464,384,0,0,32,32,0,1,1,4294967295
background37_block,400,528,0,0,32,32,0,1,1,4294967295
background37_block,400,560,0,0,32,32,0,1,1,4294967295
background37_block,400,592,0,0,32,32,0,1,1,4294967295
background37_block,432,560,0,0,32,32,0,1,1,4294967295
background37_block,432,592,0,0,32,32,0,1,1,4294967295
background37_block,368,560,0,0,32,32,0,1,1,4294967295
background37_block,368,592,0,0,32,32,0,1,1,4294967295
background37_block,288,496,0,0,32,32,0,1,1,4294967295
background37_block,288,528,0,0,32,32,0,1,1,4294967295
background37_block,320,528,0,0,32,32,0,1,1,4294967295
background37_block,320,496,0,0,32,32,0,1,1,4294967295
background37_block,144,496,0,0,32,32,0,1,1,4294967295
background37_block,144,528,0,0,32,32,0,1,1,4294967295
background37_block,144,560,0,0,32,32,0,1,1,4294967295
background37_block,144,592,0,0,32,32,0,1,1,4294967295
background37_block,176,512,0,0,32,32,0,1,1,4294967295
background37_block,176,544,0,0,32,32,0,1,1,4294967295
background37_block,176,576,0,0,32,32,0,1,1,4294967295
background37_block,0,432,0,0,32,32,0,1,1,4294967295
background37_block,0,464,0,0,32,32,0,1,1,4294967295
background37_block,0,496,0,0,32,32,0,1,1,4294967295
background37_block,0,528,0,0,32,32,0,1,1,4294967295
background37_block,0,560,0,0,32,32,0,1,1,4294967295
background37_block,0,592,0,0,32,32,0,1,1,4294967295
background37_block,32,592,0,0,32,32,0,1,1,4294967295
background37_block,64,592,0,0,32,32,0,1,1,4294967295
background37_block,64,560,0,0,32,32,0,1,1,4294967295
background37_block,64,528,0,0,32,32,0,1,1,4294967295
background37_block,32,528,0,0,32,32,0,1,1,4294967295
background37_block,32,560,0,0,32,32,0,1,1,4294967295
background37_block,32,496,0,0,32,32,0,1,1,4294967295
background37_block,32,464,0,0,32,32,0,1,1,4294967295
background37_block,128,352,0,0,32,32,0,1,1,4294967295
background37_block,112,368,0,0,32,32,0,0.5,0.5,4294967295
background37_block,208,416,0,0,32,32,0,1,1,4294967295
background37_block,208,448,0,0,32,32,0,1,1,4294967295
background37_block,352,176,0,0,32,32,0,1,1,4294967295
background37_block,384,176,0,0,32,32,0,1,1,4294967295
background37_block,448,112,0,0,32,32,0,1,1,4294967295
background37_block,448,144,0,0,32,32,0,1,1,4294967295
background37_block,448,176,0,0,32,32,0,1,1,4294967295
background37_block,448,208,0,0,32,32,0,1,1,4294967295
background37_block,496,144,0,0,32,32,0,1,1,4294967295
background37_block,496,208,0,0,32,32,0,1,1,4294967295
background37_block,496,240,0,0,32,32,0,1,1,4294967295
background37_block,496,272,0,0,32,32,0,1,1,4294967295
background37_block,528,240,0,0,32,32,0,1,1,4294967295
background37_block,624,256,0,0,32,32,0,1,1,4294967295
background37_block,656,256,0,0,32,32,0,1,1,4294967295
background37_block,656,240,0,0,32,16,0,1,1,4294967295
